# System: Si	NGX: 160	Number of points: 4096000
# Nr 	 x 		 y 	 	 z in A 	 rho 	 	 rs 	 	 t 	 	 s 	 	 alpha 	 	 FxPBE 	 	 FxSCAN 	 Fxr2SCAN 	 FxLAK 	 	 FcPBE 	 	 FcSCAN 	 Fcr2SCAN 	 FcLAK 	 FcLDA 

0	5.429500	2.714500	4.072000	0.024920	2.123848	0.342441	0.592391	1.057375	1.070297	1.028490	1.016702	0.974480	0.141459	0.159126	0.161761	0.191611	0.201896
1	5.422678	2.721322	4.072000	0.024919	2.123862	0.342533	0.592555	1.056680	1.070332	1.028501	1.016800	0.974632	0.141433	0.159112	0.161716	0.191512	0.201897
2	5.415857	2.728143	4.072000	0.024913	2.124042	0.342638	0.592787	1.056309	1.070383	1.028515	1.016860	0.974714	0.141405	0.159099	0.161686	0.191467	0.201906
3	5.409035	2.734965	4.072000	0.024900	2.124393	0.342748	0.593074	1.056332	1.070445	1.028531	1.016870	0.974708	0.141376	0.159089	0.161677	0.191485	0.201924
4	5.402214	2.741786	4.072000	0.024882	2.124916	0.342862	0.593417	1.056750	1.070519	1.028548	1.016831	0.974616	0.141345	0.159083	0.161688	0.191567	0.201951
5	5.395392	2.748608	4.072000	0.024858	2.125611	0.342980	0.593817	1.057561	1.070606	1.028567	1.016744	0.974437	0.141314	0.159080	0.161719	0.191712	0.201987
6	5.388570	2.755430	4.072000	0.024827	2.126479	0.343103	0.594273	1.058766	1.070705	1.028588	1.016608	0.974171	0.141281	0.159081	0.161770	0.191921	0.202031
7	5.381749	2.762251	4.072000	0.024791	2.127521	0.343231	0.594785	1.060365	1.070816	1.028611	1.016423	0.973818	0.141248	0.159084	0.161841	0.192192	0.202085
8	5.374927	2.769073	4.072000	0.024748	2.128737	0.343362	0.595353	1.062359	1.070939	1.028635	1.016190	0.973379	0.141214	0.159091	0.161931	0.192526	0.202148
9	5.368106	2.775894	4.072000	0.024700	2.130130	0.343497	0.595977	1.064746	1.071075	1.028661	1.015909	0.972853	0.141178	0.159102	0.162041	0.192921	0.202219
10	5.361284	2.782716	4.072000	0.024646	2.131689	0.343648	0.596674	1.067410	1.071227	1.028690	1.015597	0.972267	0.141139	0.159114	0.162163	0.193360	0.202300
11	5.354462	2.789538	4.072000	0.024591	2.133256	0.343975	0.597681	1.068705	1.071446	1.028741	1.015476	0.971983	0.141051	0.159097	0.162198	0.193608	0.202380
12	5.347641	2.796359	4.072000	0.024531	2.134991	0.344308	0.598746	1.070376	1.071678	1.028793	1.015311	0.971616	0.140961	0.159083	0.162251	0.193915	0.202469
13	5.340819	2.803181	4.072000	0.024466	2.136899	0.344644	0.599866	1.072447	1.071922	1.028846	1.015097	0.971163	0.140870	0.159073	0.162322	0.194284	0.202567
14	5.333997	2.810003	4.072000	0.024394	2.138981	0.344982	0.601040	1.074916	1.072179	1.028901	1.014835	0.970623	0.140778	0.159066	0.162413	0.194714	0.202674
15	5.327176	2.816824	4.072000	0.024317	2.141239	0.345323	0.602269	1.077785	1.072448	1.028956	1.014525	0.969996	0.140686	0.159062	0.162523	0.195204	0.202790
16	5.320354	2.823646	4.072000	0.024234	2.143676	0.345666	0.603552	1.081053	1.072729	1.029012	1.014169	0.969284	0.140592	0.159062	0.162651	0.195754	0.202915
17	5.313533	2.830467	4.072000	0.024146	2.146293	0.346009	0.604890	1.084719	1.073022	1.029067	1.013766	0.968486	0.140498	0.159066	0.162797	0.196361	0.203049
18	5.306711	2.837289	4.072000	0.024052	2.149094	0.346354	0.606282	1.088785	1.073328	1.029122	1.013318	0.967603	0.140403	0.159074	0.162961	0.197026	0.203192
19	5.299889	2.844111	4.072000	0.023952	2.152081	0.346698	0.607729	1.093249	1.073646	1.029174	1.012824	0.966635	0.140308	0.159086	0.163141	0.197745	0.203345
20	5.293068	2.850932	4.072000	0.023847	2.155231	0.347060	0.609253	1.097928	1.073982	1.029224	1.012311	0.965623	0.140207	0.159098	0.163328	0.198493	0.203506
21	5.286246	2.857754	4.072000	0.023744	2.158336	0.347571	0.611030	1.101346	1.074374	1.029292	1.011970	0.964889	0.140063	0.159084	0.163437	0.199074	0.203665
22	5.279425	2.864575	4.072000	0.023636	2.161617	0.348083	0.612859	1.105173	1.074779	1.029356	1.011582	0.964069	0.139918	0.159075	0.163564	0.199710	0.203832
23	5.272603	2.871397	4.072000	0.023523	2.165076	0.348593	0.614740	1.109410	1.075196	1.029412	1.011148	0.963163	0.139773	0.159069	0.163707	0.200402	0.204008
24	5.265781	2.878219	4.072000	0.023405	2.168717	0.349102	0.616673	1.114056	1.075625	1.029459	1.010670	0.962172	0.139627	0.159067	0.163867	0.201147	0.204193
25	5.258960	2.885040	4.072000	0.023281	2.172543	0.349608	0.618657	1.119111	1.076066	1.029493	1.010147	0.961097	0.139481	0.159069	0.164042	0.201944	0.204388
26	5.252138	2.891862	4.072000	0.023153	2.176558	0.350112	0.620693	1.124576	1.076520	1.029511	1.009582	0.959938	0.139334	0.159075	0.164232	0.202791	0.204592
27	5.245317	2.898683	4.072000	0.023019	2.180767	0.350611	0.622780	1.130450	1.076986	1.029507	1.008974	0.958697	0.139187	0.159086	0.164437	0.203687	0.204805
28	5.238495	2.905505	4.072000	0.022880	2.185172	0.351106	0.624919	1.136733	1.077464	1.029476	1.008325	0.957374	0.139039	0.159101	0.164655	0.204628	0.205028
29	5.231673	2.912327	4.072000	0.022736	2.189779	0.351596	0.627110	1.143426	1.077956	1.029411	1.007637	0.955970	0.138891	0.159121	0.164887	0.205613	0.205261
30	5.224852	2.919148	4.072000	0.022588	2.194537	0.352101	0.629375	1.150267	1.078465	1.029317	1.006941	0.954543	0.138738	0.159142	0.165118	0.206609	0.205501
31	5.218030	2.925970	4.072000	0.022446	2.199172	0.352721	0.631815	1.156055	1.079015	1.029240	1.006383	0.953349	0.138550	0.159141	0.165286	0.207472	0.205735
32	5.211209	2.932791	4.072000	0.022299	2.203992	0.353335	0.634303	1.162269	1.079576	1.029125	1.005783	0.952072	0.138361	0.159144	0.165468	0.208380	0.205977
33	5.204387	2.939613	4.072000	0.022147	2.209002	0.353943	0.636838	1.168909	1.080150	1.028965	1.005143	0.950713	0.138172	0.159153	0.165662	0.209331	0.206229
34	5.197565	2.946435	4.072000	0.021992	2.214206	0.354544	0.639422	1.175977	1.080736	1.028757	1.004463	0.949275	0.137983	0.159167	0.165868	0.210324	0.206491
35	5.190744	2.953256	4.072000	0.021831	2.219609	0.355136	0.642053	1.183471	1.081335	1.028492	1.003745	0.947758	0.137794	0.159186	0.166084	0.211354	0.206761
36	5.183922	2.960078	4.072000	0.021667	2.225217	0.355719	0.644732	1.191392	1.081946	1.028166	1.002989	0.946165	0.137605	0.159213	0.166311	0.212422	0.207042
37	5.177101	2.966899	4.072000	0.021498	2.231036	0.356292	0.647458	1.199739	1.082569	1.027774	1.002199	0.944497	0.137416	0.159246	0.166547	0.213523	0.207333
38	5.170279	2.973721	4.072000	0.021324	2.237070	0.356853	0.650233	1.208514	1.083205	1.027309	1.001374	0.942756	0.137228	0.159287	0.166791	0.214656	0.207633
39	5.163457	2.980543	4.072000	0.021146	2.243327	0.357402	0.653055	1.217715	1.083853	1.026768	1.000517	0.940946	0.137040	0.159337	0.167043	0.215820	0.207945
40	5.156636	2.987364	4.072000	0.020967	2.249704	0.357962	0.655936	1.227029	1.084517	1.026173	0.999663	0.939131	0.136847	0.159390	0.167289	0.216978	0.208262
41	5.149814	2.994186	4.072000	0.020796	2.255862	0.358602	0.658909	1.235531	1.085203	1.025607	0.998911	0.937499	0.136628	0.159425	0.167486	0.218035	0.208567
42	5.142992	3.001008	4.072000	0.020621	2.262218	0.359231	0.661923	1.244484	1.085901	1.024968	0.998124	0.935794	0.136409	0.159469	0.167691	0.219123	0.208882
43	5.136171	3.007829	4.072000	0.020443	2.268780	0.359846	0.664980	1.253888	1.086611	1.024253	0.997304	0.934020	0.136191	0.159524	0.167903	0.220240	0.209206
44	5.129349	3.014651	4.072000	0.020261	2.275553	0.360447	0.668080	1.263744	1.087332	1.023461	0.996452	0.932180	0.135973	0.159589	0.168120	0.221382	0.209540
45	5.122528	3.021472	4.072000	0.020075	2.282543	0.361034	0.671222	1.274051	1.088065	1.022590	0.995571	0.930277	0.135756	0.159666	0.168342	0.222550	0.209883
46	5.115706	3.028294	4.072000	0.019886	2.289757	0.361604	0.674407	1.284809	1.088810	1.021640	0.994662	0.928315	0.135540	0.159757	0.168567	0.223739	0.210238
47	5.108884	3.035116	4.072000	0.019693	2.297203	0.362156	0.677634	1.296019	1.089567	1.020612	0.993727	0.926297	0.135326	0.159861	0.168797	0.224949	0.210603
48	5.102063	3.041937	4.072000	0.019497	2.304889	0.362690	0.680903	1.307680	1.090336	1.019507	0.992767	0.924227	0.135112	0.159981	0.169028	0.226178	0.210978
49	5.095241	3.048759	4.072000	0.019297	2.312821	0.363204	0.684215	1.319792	1.091117	1.018327	0.991784	0.922109	0.134901	0.160118	0.169262	0.227424	0.211365
50	5.088420	3.055580	4.072000	0.019098	2.320822	0.363720	0.687558	1.332022	1.091908	1.017113	0.990811	0.920008	0.134685	0.160263	0.169484	0.228655	0.211754
51	5.081598	3.062402	4.072000	0.018910	2.328492	0.364286	0.690903	1.343723	1.092701	1.015941	0.989904	0.918038	0.134453	0.160395	0.169671	0.229810	0.212127
52	5.074776	3.069224	4.072000	0.018719	2.336378	0.364833	0.694284	1.355907	1.093505	1.014703	0.988973	0.916020	0.134223	0.160544	0.169859	0.230983	0.212509
53	5.067955	3.076045	4.072000	0.018525	2.344487	0.365360	0.697700	1.368575	1.094319	1.013401	0.988018	0.913960	0.133994	0.160710	0.170047	0.232171	0.212901
54	5.061133	3.082867	4.072000	0.018329	2.352828	0.365866	0.701152	1.381725	1.095144	1.012038	0.987043	0.911861	0.133767	0.160895	0.170236	0.233374	0.213303
55	5.054312	3.089688	4.072000	0.018130	2.361407	0.366350	0.704639	1.395358	1.095979	1.010619	0.986048	0.909730	0.133542	0.161099	0.170424	0.234590	0.213716
56	5.047490	3.096510	4.072000	0.017928	2.370234	0.366810	0.708162	1.409475	1.096826	1.009147	0.985036	0.907571	0.133320	0.161324	0.170611	0.235819	0.214139
57	5.040668	3.103332	4.072000	0.017724	2.379317	0.367246	0.711720	1.424074	1.097682	1.007626	0.984009	0.905389	0.133099	0.161569	0.170797	0.237059	0.214574
58	5.033847	3.110153	4.072000	0.017516	2.388665	0.367656	0.715313	1.439157	1.098550	1.006061	0.982967	0.903191	0.132882	0.161835	0.170981	0.238309	0.215020
59	5.027025	3.116975	4.072000	0.017306	2.398288	0.368038	0.718942	1.454722	1.099429	1.004457	0.981912	0.900981	0.132667	0.162124	0.171165	0.239568	0.215478
60	5.020204	3.123796	4.072000	0.017100	2.407897	0.368413	0.722557	1.470467	1.100306	1.002849	0.980868	0.898807	0.132452	0.162422	0.171336	0.240807	0.215934
61	5.013382	3.130618	4.072000	0.016906	2.417058	0.368809	0.726086	1.486010	1.101164	1.001281	0.979859	0.896721	0.132231	0.162712	0.171481	0.241986	0.216368
62	5.006560	3.137440	4.072000	0.016711	2.426454	0.369180	0.729641	1.502075	1.102032	0.999680	0.978836	0.894626	0.132013	0.163023	0.171625	0.243174	0.216812
63	4.999739	3.144261	4.072000	0.016513	2.436094	0.369524	0.733224	1.518662	1.102907	0.998049	0.977799	0.892527	0.131798	0.163354	0.171767	0.244370	0.217266
64	4.992917	3.151083	4.072000	0.016314	2.445987	0.369841	0.736832	1.535770	1.103792	0.996394	0.976752	0.890430	0.131586	0.163707	0.171909	0.245573	0.217730
65	4.986095	3.157905	4.072000	0.016112	2.456142	0.370129	0.740468	1.553400	1.104685	0.994718	0.975694	0.888339	0.131378	0.164081	0.172051	0.246784	0.218206
66	4.979274	3.164726	4.072000	0.015909	2.466569	0.370387	0.744129	1.571551	1.105586	0.993026	0.974627	0.886260	0.131173	0.164476	0.172192	0.248002	0.218693
67	4.972452	3.171548	4.072000	0.015703	2.477278	0.370614	0.747818	1.590224	1.106497	0.991322	0.973552	0.884197	0.130973	0.164892	0.172336	0.249227	0.219191
68	4.965631	3.178369	4.072000	0.015496	2.488280	0.370808	0.751533	1.609419	1.107416	0.989610	0.972471	0.882156	0.130776	0.165330	0.172481	0.250458	0.219702
69	4.958809	3.185191	4.072000	0.015286	2.499586	0.370969	0.755275	1.629135	1.108344	0.987893	0.971383	0.880141	0.130585	0.165789	0.172631	0.251696	0.220225
70	4.951987	3.192013	4.072000	0.015083	2.510759	0.371111	0.758942	1.649172	1.109255	0.986188	0.970297	0.878171	0.130398	0.166255	0.172775	0.252910	0.220741
71	4.945166	3.198834	4.072000	0.014894	2.521369	0.371252	0.762439	1.669388	1.110126	0.984506	0.969217	0.876257	0.130216	0.166717	0.172905	0.254072	0.221229
72	4.938344	3.205656	4.072000	0.014703	2.532235	0.371363	0.765953	1.690171	1.111003	0.982823	0.968128	0.874370	0.130038	0.167197	0.173042	0.255238	0.221727
73	4.931523	3.212477	4.072000	0.014511	2.543365	0.371442	0.769484	1.711520	1.111886	0.981141	0.967031	0.872515	0.129865	0.167696	0.173187	0.256410	0.222236
74	4.924701	3.219299	4.072000	0.014317	2.554770	0.371488	0.773031	1.733435	1.112775	0.979464	0.965925	0.870694	0.129696	0.168213	0.173343	0.257586	0.222756
75	4.917879	3.226121	4.072000	0.014122	2.566461	0.371501	0.776594	1.755918	1.113669	0.977795	0.964810	0.868912	0.129534	0.168748	0.173510	0.258768	0.223287
76	4.911058	3.232942	4.072000	0.013926	2.578448	0.371478	0.780174	1.778967	1.114570	0.976137	0.963688	0.867169	0.129376	0.169301	0.173692	0.259955	0.223830
77	4.904236	3.239764	4.072000	0.013729	2.590742	0.371420	0.783771	1.802582	1.115477	0.974491	0.962557	0.865470	0.129225	0.169872	0.173891	0.261148	0.224386
78	4.897415	3.246585	4.072000	0.013530	2.603358	0.371324	0.787384	1.826765	1.116389	0.972861	0.961417	0.863816	0.129079	0.170460	0.174110	0.262347	0.224953
79	4.890593	3.253407	4.072000	0.013330	2.616306	0.371189	0.791013	1.851514	1.117308	0.971248	0.960269	0.862209	0.128940	0.171065	0.174352	0.263553	0.225534
80	4.883771	3.260229	4.072000	0.013139	2.628963	0.371027	0.794493	1.876818	1.118190	0.969646	0.959105	0.860641	0.128812	0.171676	0.174607	0.264729	0.226100
81	4.876950	3.267050	4.072000	0.012961	2.640953	0.370849	0.797732	1.902716	1.119013	0.968051	0.957917	0.859105	0.128698	0.172283	0.174870	0.265857	0.226634
82	4.870128	3.273872	4.072000	0.012782	2.653218	0.370636	0.800977	1.929244	1.119839	0.966473	0.956717	0.857614	0.128591	0.172906	0.175162	0.266988	0.227178
83	4.863307	3.280693	4.072000	0.012602	2.665768	0.370388	0.804228	1.956401	1.120667	0.964916	0.955503	0.856170	0.128490	0.173543	0.175483	0.268124	0.227734
84	4.856485	3.287515	4.072000	0.012422	2.678614	0.370104	0.807484	1.984188	1.121498	0.963380	0.954275	0.854774	0.128396	0.174194	0.175838	0.269266	0.228300
85	4.849663	3.294337	4.072000	0.012241	2.691766	0.369783	0.810745	2.012604	1.122332	0.961867	0.953035	0.853426	0.128309	0.174859	0.176228	0.270412	0.228879
86	4.842842	3.301158	4.072000	0.012059	2.705238	0.369425	0.814012	2.041651	1.123169	0.960380	0.951783	0.852127	0.128229	0.175538	0.176655	0.271565	0.229469
87	4.836020	3.307980	4.072000	0.011876	2.719042	0.369027	0.817285	2.071326	1.124008	0.958918	0.950519	0.850876	0.128157	0.176230	0.177120	0.272725	0.230071
88	4.829198	3.314802	4.072000	0.011692	2.733191	0.368589	0.820563	2.101632	1.124850	0.957483	0.949245	0.849674	0.128092	0.176935	0.177625	0.273892	0.230687
89	4.822377	3.321623	4.072000	0.011508	2.747701	0.368110	0.823847	2.132567	1.125695	0.956076	0.947961	0.848521	0.128036	0.177654	0.178171	0.275066	0.231315
90	4.815555	3.328445	4.072000	0.011334	2.761718	0.367595	0.826891	2.164440	1.126479	0.954670	0.946645	0.847387	0.128001	0.178377	0.178747	0.276206	0.231920
91	4.808734	3.335266	4.072000	0.011172	2.774987	0.367049	0.829631	2.197392	1.127186	0.953257	0.945288	0.846266	0.127988	0.179103	0.179350	0.277297	0.232491
92	4.801912	3.342088	4.072000	0.011010	2.788547	0.366468	0.832364	2.231073	1.127891	0.951873	0.943927	0.845189	0.127984	0.179840	0.179991	0.278393	0.233073
93	4.795090	3.348910	4.072000	0.010847	2.802409	0.365849	0.835089	2.265483	1.128596	0.950517	0.942564	0.844157	0.127989	0.180588	0.180667	0.279495	0.233665
94	4.788269	3.355731	4.072000	0.010684	2.816585	0.365192	0.837806	2.300622	1.129299	0.949190	0.941204	0.843170	0.128003	0.181347	0.181377	0.280604	0.234268
95	4.781447	3.362553	4.072000	0.010521	2.831088	0.364496	0.840516	2.336490	1.130002	0.947894	0.939851	0.842225	0.128026	0.182118	0.182115	0.281719	0.234883
96	4.774626	3.369374	4.072000	0.010357	2.845929	0.363761	0.843219	2.373088	1.130703	0.946629	0.938512	0.841323	0.128058	0.182899	0.182878	0.282842	0.235510
97	4.767804	3.376196	4.072000	0.010193	2.861122	0.362986	0.845913	2.410414	1.131403	0.945395	0.937190	0.840463	0.128100	0.183692	0.183662	0.283973	0.236150
98	4.760982	3.383018	4.072000	0.010028	2.876682	0.362169	0.848601	2.448469	1.132102	0.944192	0.935890	0.839642	0.128153	0.184496	0.184463	0.285113	0.236803
99	4.754161	3.389839	4.072000	0.009864	2.892624	0.361311	0.851280	2.487253	1.132799	0.943022	0.934617	0.838862	0.128216	0.185311	0.185279	0.286263	0.237468
100	4.747339	3.396661	4.072000	0.009710	2.907833	0.360398	0.853595	2.527465	1.133403	0.941841	0.933330	0.838081	0.128314	0.186135	0.186103	0.287368	0.238101
101	4.740518	3.403482	4.072000	0.009567	2.922234	0.359435	0.855531	2.569221	1.133907	0.940650	0.932027	0.837298	0.128448	0.186967	0.186935	0.288424	0.238698
102	4.733696	3.410304	4.072000	0.009424	2.936940	0.358434	0.857439	2.611861	1.134405	0.939488	0.930751	0.836551	0.128593	0.187810	0.187778	0.289487	0.239306
103	4.726874	3.417126	4.072000	0.009281	2.951960	0.357392	0.859321	2.655386	1.134897	0.938357	0.929501	0.835839	0.128751	0.188663	0.188631	0.290557	0.239924
104	4.720053	3.423947	4.072000	0.009137	2.967309	0.356311	0.861175	2.699796	1.135382	0.937255	0.928278	0.835159	0.128921	0.189527	0.189496	0.291635	0.240553
105	4.713231	3.430769	4.072000	0.008994	2.982997	0.355189	0.863003	2.745090	1.135860	0.936183	0.927081	0.834512	0.129104	0.190402	0.190371	0.292721	0.241194
106	4.706410	3.437590	4.072000	0.008850	2.999038	0.354026	0.864803	2.791268	1.136331	0.935140	0.925911	0.833896	0.129300	0.191289	0.191257	0.293817	0.241847
107	4.699588	3.444412	4.072000	0.008707	3.015446	0.352822	0.866577	2.838331	1.136795	0.934127	0.924767	0.833309	0.129509	0.192186	0.192155	0.294922	0.242512
108	4.692766	3.451234	4.072000	0.008563	3.032237	0.351575	0.868323	2.886278	1.137253	0.933141	0.923648	0.832752	0.129732	0.193096	0.193065	0.296037	0.243189
109	4.685945	3.458055	4.072000	0.008419	3.049424	0.350286	0.870043	2.935110	1.137704	0.932182	0.922556	0.832222	0.129969	0.194017	0.193987	0.297164	0.243880
110	4.679123	3.464877	4.072000	0.008286	3.065590	0.348904	0.871204	2.985692	1.138009	0.931204	0.921442	0.831676	0.130267	0.194956	0.194926	0.298232	0.244528
111	4.672302	3.471698	4.072000	0.008163	3.080910	0.347438	0.871879	3.037997	1.138186	0.930211	0.920313	0.831119	0.130621	0.195912	0.195882	0.299249	0.245139
112	4.665480	3.478520	4.072000	0.008040	3.096540	0.345929	0.872497	3.091354	1.138348	0.929240	0.919206	0.830584	0.130992	0.196881	0.196851	0.300274	0.245760
113	4.658658	3.485342	4.072000	0.007917	3.112491	0.344377	0.873057	3.145763	1.138495	0.928291	0.918121	0.830072	0.131382	0.197862	0.197833	0.301307	0.246391
114	4.651837	3.492163	4.072000	0.007794	3.128776	0.342782	0.873558	3.201225	1.138627	0.927362	0.917059	0.829582	0.131789	0.198858	0.198829	0.302348	0.247034
115	4.645015	3.498985	4.072000	0.007672	3.145406	0.341143	0.874002	3.257738	1.138743	0.926453	0.916018	0.829111	0.132216	0.199867	0.199839	0.303398	0.247687
116	4.638193	3.505807	4.072000	0.007549	3.162395	0.339460	0.874388	3.315304	1.138845	0.925562	0.914998	0.828659	0.132661	0.200890	0.200862	0.304457	0.248352
117	4.631372	3.512628	4.072000	0.007426	3.179756	0.337733	0.874716	3.373922	1.138931	0.924689	0.914000	0.828226	0.133126	0.201928	0.201900	0.305527	0.249029
118	4.624550	3.519450	4.072000	0.007303	3.197504	0.335962	0.874987	3.433592	1.139002	0.923832	0.913023	0.827811	0.133610	0.202981	0.202954	0.306607	0.249718
119	4.617729	3.526271	4.072000	0.007180	3.215654	0.334147	0.875199	3.494315	1.139058	0.922990	0.912066	0.827411	0.134115	0.204049	0.204022	0.307699	0.250419
120	4.610907	3.533093	4.072000	0.007068	3.232438	0.332179	0.874585	3.556304	1.138896	0.922117	0.911084	0.826978	0.134722	0.205149	0.205123	0.308711	0.251065
121	4.604085	3.539915	4.072000	0.006965	3.248352	0.330091	0.873365	3.619581	1.138576	0.921224	0.910088	0.826524	0.135409	0.206278	0.206252	0.309668	0.251676
122	4.597264	3.546736	4.072000	0.006862	3.264572	0.327954	0.872045	3.684024	1.138229	0.920340	0.909107	0.826080	0.136123	0.207425	0.207399	0.310631	0.252295
123	4.590442	3.553558	4.072000	0.006758	3.281107	0.325769	0.870623	3.749633	1.137856	0.919464	0.908140	0.825646	0.136865	0.208592	0.208566	0.311600	0.252925
124	4.583621	3.560379	4.072000	0.006655	3.297968	0.323537	0.869099	3.816408	1.137457	0.918596	0.907188	0.825220	0.137633	0.209778	0.209753	0.312576	0.253564
125	4.576799	3.567201	4.072000	0.006552	3.315167	0.321256	0.867475	3.884348	1.137031	0.917736	0.906249	0.824803	0.138430	0.210984	0.210960	0.313560	0.254214
126	4.569977	3.574023	4.072000	0.006449	3.332716	0.318929	0.865749	3.953455	1.136578	0.916883	0.905323	0.824393	0.139255	0.212211	0.212187	0.314550	0.254874
127	4.563156	3.580844	4.072000	0.006346	3.350628	0.316554	0.863921	4.023728	1.136100	0.916036	0.904410	0.823989	0.140110	0.213459	0.213436	0.315549	0.255546
128	4.556334	3.587666	4.072000	0.006244	3.368916	0.314133	0.861993	4.095166	1.135595	0.915197	0.903509	0.823592	0.140994	0.214729	0.214706	0.316555	0.256228
129	4.549513	3.594487	4.072000	0.006141	3.387595	0.311665	0.859963	4.167771	1.135065	0.914363	0.902620	0.823199	0.141908	0.216022	0.215999	0.317570	0.256923
130	4.542691	3.601309	4.072000	0.006050	3.404500	0.308993	0.856844	4.239942	1.134250	0.913490	0.901700	0.822751	0.142968	0.217362	0.217340	0.318475	0.257549
131	4.535869	3.608131	4.072000	0.005965	3.420533	0.306183	0.853050	4.312435	1.133261	0.912591	0.900762	0.822270	0.144127	0.218742	0.218720	0.319318	0.258140
132	4.529048	3.614952	4.072000	0.005881	3.436849	0.303320	0.849105	4.386116	1.132233	0.911691	0.899828	0.821787	0.145326	0.220151	0.220129	0.320161	0.258740
133	4.522226	3.621774	4.072000	0.005796	3.453457	0.300405	0.845008	4.460985	1.131168	0.910788	0.898897	0.821301	0.146563	0.221588	0.221567	0.321006	0.259348
134	4.515405	3.628595	4.072000	0.005712	3.470368	0.297438	0.840760	4.537041	1.130065	0.909883	0.897967	0.820811	0.147841	0.223055	0.223034	0.321851	0.259965
135	4.508583	3.635417	4.072000	0.005628	3.487591	0.294421	0.836360	4.614286	1.128925	0.908975	0.897040	0.820317	0.149159	0.224551	0.224531	0.322697	0.260591
136	4.501761	3.642239	4.072000	0.005544	3.505136	0.291353	0.831809	4.692718	1.127748	0.908064	0.896113	0.819819	0.150518	0.226079	0.226059	0.323543	0.261226
137	4.494940	3.649060	4.072000	0.005460	3.523014	0.288235	0.827106	4.772337	1.126534	0.907149	0.895187	0.819316	0.151919	0.227638	0.227619	0.324390	0.261871
138	4.488118	3.655882	4.072000	0.005376	3.541237	0.285069	0.822251	4.853145	1.125284	0.906229	0.894260	0.818808	0.153362	0.229230	0.229211	0.325238	0.262526
139	4.481296	3.662704	4.072000	0.005292	3.559817	0.281854	0.817245	4.935140	1.123998	0.905304	0.893332	0.818295	0.154848	0.230854	0.230836	0.326086	0.263191
140	4.474475	3.669525	4.072000	0.005220	3.576176	0.278441	0.811059	5.013979	1.122412	0.904326	0.892365	0.817710	0.156496	0.232529	0.232511	0.326788	0.263774
141	4.467653	3.676347	4.072000	0.005152	3.591686	0.274908	0.804240	5.092069	1.120670	0.903314	0.891371	0.817088	0.158243	0.234249	0.234232	0.327420	0.264325
142	4.460832	3.683168	4.072000	0.005085	3.607439	0.271319	0.797222	5.171258	1.118883	0.902284	0.890365	0.816455	0.160042	0.236010	0.235993	0.328044	0.264883
143	4.454010	3.689990	4.072000	0.005018	3.623445	0.267675	0.790004	5.251547	1.117053	0.901235	0.889347	0.815811	0.161892	0.237811	0.237795	0.328658	0.265448
144	4.447188	3.696812	4.072000	0.004951	3.639710	0.263977	0.782587	5.332936	1.115178	0.900166	0.888315	0.815158	0.163794	0.239654	0.239638	0.329263	0.266020
145	4.440367	3.703633	4.072000	0.004884	3.656241	0.260226	0.774971	5.415424	1.113262	0.899076	0.887269	0.814496	0.165749	0.241540	0.241524	0.329859	0.266600
146	4.433545	3.710455	4.072000	0.004818	3.673047	0.256423	0.767155	5.499013	1.111303	0.897963	0.886208	0.813826	0.167755	0.243469	0.243453	0.330445	0.267187
147	4.426724	3.717276	4.072000	0.004751	3.690136	0.252569	0.759139	5.583700	1.109304	0.896827	0.885130	0.813151	0.169814	0.245441	0.245426	0.331021	0.267781
148	4.419902	3.724098	4.072000	0.004684	3.707516	0.248664	0.750924	5.669488	1.107265	0.895665	0.884035	0.812471	0.171926	0.247459	0.247444	0.331588	0.268384
149	4.413080	3.730920	4.072000	0.004618	3.725197	0.244711	0.742509	5.756375	1.105187	0.894476	0.882922	0.811788	0.174091	0.249522	0.249508	0.332144	0.268995
150	4.406259	3.737741	4.072000	0.004563	3.740213	0.240663	0.733172	5.836540	1.102895	0.893231	0.881771	0.811066	0.176361	0.251598	0.251584	0.332530	0.269512
151	4.399437	3.744563	4.072000	0.004511	3.754440	0.236542	0.723357	5.915056	1.100500	0.891936	0.880587	0.810334	0.178704	0.253713	0.253699	0.332847	0.270000
152	4.392616	3.751384	4.072000	0.004459	3.768859	0.232361	0.713301	5.994512	1.098064	0.890600	0.879373	0.809609	0.181104	0.255879	0.255866	0.333146	0.270494
153	4.385794	3.758206	4.072000	0.004408	3.783475	0.228122	0.703004	6.074908	1.095587	0.889220	0.878127	0.808897	0.183559	0.258099	0.258086	0.333429	0.270992
154	4.378972	3.765028	4.072000	0.004357	3.798292	0.223826	0.692466	6.156245	1.093072	0.887794	0.876849	0.808203	0.186070	0.260371	0.260359	0.333695	0.271496
155	4.372151	3.771849	4.072000	0.004305	3.813316	0.219474	0.681688	6.238521	1.090521	0.886320	0.875536	0.807536	0.188636	0.262697	0.262685	0.333945	0.272006
156	4.365329	3.778671	4.072000	0.004254	3.828552	0.215067	0.670668	6.321738	1.087936	0.884796	0.874189	0.806901	0.191254	0.265077	0.265066	0.334178	0.272521
157	4.358508	3.785492	4.072000	0.004203	3.844005	0.210605	0.659407	6.405895	1.085318	0.883221	0.872806	0.806308	0.193925	0.267512	0.267502	0.334396	0.273042
158	4.351686	3.792314	4.072000	0.004152	3.859681	0.206091	0.647905	6.490992	1.082671	0.881592	0.871384	0.805765	0.196646	0.270002	0.269993	0.334600	0.273568
159	4.344864	3.799136	4.072000	0.004101	3.875586	0.201526	0.636162	6.577028	1.079997	0.879909	0.869924	0.805282	0.199416	0.272547	0.272539	0.334789	0.274101
160	4.338043	3.805957	4.072000	0.004061	3.888430	0.197074	0.624169	6.652477	1.077297	0.878211	0.868469	0.804878	0.202133	0.274997	0.274991	0.334822	0.274530
161	4.331221	3.812779	4.072000	0.004023	3.900591	0.192593	0.611887	6.725881	1.074564	0.876459	0.866977	0.804554	0.204876	0.277469	0.277467	0.334803	0.274935
162	4.324399	3.819601	4.072000	0.003985	3.912886	0.188043	0.599313	6.800114	1.071802	0.874639	0.865436	0.804321	0.207667	0.280000	0.280005	0.334768	0.275343
163	4.317578	3.826422	4.072000	0.003947	3.925316	0.183423	0.586447	6.875175	1.069014	0.872750	0.863844	0.804192	0.210504	0.282590	0.282607	0.334717	0.275755
164	4.310756	3.833244	4.072000	0.003910	3.937885	0.178735	0.573288	6.951064	1.066203	0.870791	0.862201	0.804176	0.213383	0.285238	0.285277	0.334652	0.276170
165	4.303935	3.840065	4.072000	0.003872	3.950595	0.173980	0.559836	7.027782	1.063375	0.868762	0.860505	0.804286	0.216302	0.287944	0.288019	0.334574	0.276589
166	4.297113	3.846887	4.072000	0.003834	3.963450	0.169158	0.546093	7.105327	1.060533	0.866661	0.858757	0.804530	0.219255	0.290706	0.290839	0.334485	0.277012
167	4.290291	3.853709	4.072000	0.003797	3.976452	0.164272	0.532057	7.183701	1.057682	0.864490	0.856955	0.804915	0.222241	0.293522	0.293746	0.334385	0.277439
168	4.283470	3.860530	4.072000	0.003759	3.989604	0.159321	0.517729	7.262903	1.054826	0.862249	0.855099	0.805446	0.225253	0.296392	0.296752	0.334277	0.277869
169	4.276648	3.867352	4.072000	0.003722	4.002910	0.154307	0.503108	7.342933	1.051970	0.859940	0.853190	0.806122	0.228287	0.299312	0.299871	0.334163	0.278303
170	4.269827	3.874173	4.072000	0.003695	4.012826	0.149699	0.489294	7.408419	1.049328	0.857771	0.851404	0.806879	0.231034	0.301945	0.302759	0.333948	0.278626
171	4.263005	3.880995	4.072000	0.003669	4.022199	0.145076	0.475290	7.471863	1.046707	0.855564	0.849589	0.807747	0.233759	0.304576	0.305724	0.333708	0.278930
172	4.256183	3.887817	4.072000	0.003643	4.031648	0.140353	0.460896	7.535964	1.044073	0.853285	0.847713	0.808728	0.236512	0.307263	0.308839	0.333458	0.279237
173	4.249362	3.894638	4.072000	0.003617	4.041175	0.135530	0.446111	7.600722	1.041434	0.850937	0.845778	0.809807	0.239285	0.310000	0.312109	0.333202	0.279545
174	4.242540	3.901460	4.072000	0.003592	4.050782	0.130609	0.430935	7.666137	1.038797	0.848526	0.843785	0.810968	0.242073	0.312784	0.315530	0.332941	0.279856
175	4.235719	3.908281	4.072000	0.003566	4.060468	0.125591	0.415368	7.732210	1.036169	0.846056	0.841737	0.812188	0.244868	0.315610	0.319088	0.332677	0.280168
176	4.228897	3.915103	4.072000	0.003540	4.070236	0.120476	0.399411	7.798940	1.033557	0.843535	0.839638	0.813443	0.247661	0.318471	0.322755	0.332411	0.280482
177	4.222075	3.921925	4.072000	0.003515	4.080087	0.115266	0.383063	7.866327	1.030970	0.840970	0.837491	0.814706	0.250446	0.321360	0.326486	0.332146	0.280799
178	4.215254	3.928746	4.072000	0.003489	4.090021	0.109962	0.366325	7.934372	1.028416	0.838373	0.835301	0.815952	0.253212	0.324270	0.330227	0.331883	0.281117
179	4.208432	3.935568	4.072000	0.003464	4.100041	0.104564	0.349196	8.003073	1.025904	0.835753	0.833072	0.817161	0.255951	0.327191	0.333912	0.331623	0.281438
180	4.201611	3.942389	4.072000	0.003448	4.106385	0.100062	0.334678	8.050827	1.023858	0.833598	0.831225	0.818126	0.258132	0.329523	0.336778	0.331333	0.281641
181	4.194789	3.949211	4.072000	0.003433	4.112344	0.095502	0.319890	8.096507	1.021852	0.831452	0.829365	0.819046	0.260268	0.331828	0.339498	0.331031	0.281831
182	4.187967	3.956033	4.072000	0.003418	4.118333	0.090772	0.304488	8.142499	1.019849	0.829269	0.827449	0.819936	0.262408	0.334165	0.342108	0.330723	0.282022
183	4.181146	3.962854	4.072000	0.003403	4.124353	0.085872	0.288473	8.188801	1.017861	0.827065	0.825479	0.820788	0.264541	0.336521	0.344567	0.330409	0.282213
184	4.174324	3.969676	4.072000	0.003388	4.130404	0.080803	0.271843	8.235413	1.015901	0.824853	0.823460	0.821598	0.266652	0.338883	0.346841	0.330092	0.282406
185	4.167503	3.976497	4.072000	0.003373	4.136486	0.075566	0.254600	8.282337	1.013981	0.822651	0.821397	0.822360	0.268730	0.341237	0.348909	0.329774	0.282599
186	4.160681	3.983319	4.072000	0.003358	4.142599	0.070162	0.236743	8.329571	1.012117	0.820478	0.819295	0.823073	0.270759	0.343566	0.350762	0.329458	0.282793
187	4.153859	3.990141	4.072000	0.003343	4.148745	0.064592	0.218271	8.377117	1.010324	0.818353	0.817168	0.823734	0.272723	0.345850	0.352405	0.329146	0.282988
188	4.147038	3.996962	4.072000	0.003328	4.154922	0.058857	0.199186	8.424973	1.008616	0.816298	0.815041	0.824339	0.274608	0.348071	0.353852	0.328841	0.283183
189	4.140216	4.003784	4.072000	0.003314	4.161084	0.052991	0.179599	8.472776	1.007019	0.814349	0.812968	0.824885	0.276386	0.350192	0.355116	0.328550	0.283378
190	4.133394	4.010606	4.072000	0.003308	4.163399	0.049525	0.167948	8.491804	1.006144	0.813292	0.811832	0.825178	0.277327	0.351312	0.355715	0.328343	0.283451
191	4.126573	4.017427	4.072000	0.003303	4.165461	0.045799	0.155390	8.508933	1.005266	0.812231	0.810695	0.825467	0.278265	0.352431	0.356277	0.328118	0.283516
192	4.119751	4.024249	4.072000	0.003298	4.167526	0.041635	0.141332	8.526089	1.004361	0.811134	0.809544	0.825759	0.279230	0.353589	0.356830	0.327876	0.283581
193	4.112930	4.031070	4.072000	0.003293	4.169594	0.037034	0.125775	8.543272	1.003458	0.810033	0.808443	0.826044	0.280195	0.354754	0.357363	0.327625	0.283646
194	4.106108	4.037892	4.072000	0.003288	4.171665	0.031996	0.108718	8.560482	1.002586	0.808964	0.807467	0.826314	0.281129	0.355890	0.357866	0.327376	0.283712
195	4.099286	4.044714	4.072000	0.003283	4.173740	0.026521	0.090161	8.577719	1.001780	0.807968	0.806688	0.826557	0.281998	0.356955	0.358330	0.327142	0.283777
196	4.092465	4.051535	4.072000	0.003279	4.175819	0.020611	0.070104	8.594984	1.001077	0.807090	0.806153	0.826765	0.282766	0.357905	0.358743	0.326939	0.283843
197	4.085643	4.058357	4.072000	0.003274	4.177900	0.014266	0.048548	8.612275	1.000517	0.806379	0.805855	0.826927	0.283391	0.358688	0.359092	0.326786	0.283908
198	4.078822	4.065178	4.072000	0.003269	4.179985	0.007487	0.025492	8.629593	1.000143	0.805888	0.805728	0.827032	0.283831	0.359249	0.359361	0.326704	0.283974
199	4.072000	4.072000	4.072000	0.003264	4.181920	0.000817	0.002782	8.645666	1.000002	0.805677	0.805675	0.827068	0.284033	0.359521	0.359522	0.326712	0.284035
