# System: T	NGX: 160	Number of points: 4096000
# Nr 	 x 		 y 	 	 z in A 	 rho 	 	 rs 	 	 t 	 	 s 	 	 alpha 	 	 FxPBE 	 	 FxSCAN 	 Fxr2SCAN 	 FxLAK 	 	 FcPBE 	 	 FcSCAN 	 Fcr2SCAN 	 FcLAK 	 FcLDA 

0	4.072000	1.357000	4.072000	1862.818004	0.050417	2.695526	0.110694	0.380296	1.002681	1.117282	1.115818	1.130459	0.013540	0.006473	0.006477	0.005184	0.015524
1	4.072000	1.370643	4.072000	1524.394368	0.053902	23.479228	1.030833	0.382094	1.180801	1.123684	1.121342	1.122385	0.002082	0.003296	0.003295	0.002761	0.016363
2	4.072000	1.384286	4.072000	1159.203433	0.059054	42.073475	2.023758	0.384032	1.424431	1.100558	1.099723	1.095077	0.000349	0.002552	0.002550	0.002005	0.017577
3	4.072000	1.397930	4.072000	794.012498	0.066993	55.284337	3.016684	0.385971	1.573271	1.070438	1.070400	1.064337	0.000098	0.002304	0.002301	0.001801	0.019393
4	4.072000	1.411573	4.072000	428.821563	0.082264	59.839893	4.009609	0.387909	1.654817	1.040241	1.040936	1.038833	0.000042	0.002392	0.002387	0.001878	0.022728
5	4.072000	1.425216	4.072000	63.630628	0.155387	39.525321	5.002535	0.389847	1.701351	1.011744	1.013173	1.016232	0.000035	0.003930	0.003918	0.003116	0.036702
6	4.072000	1.438859	4.072000	50.232088	0.168129	30.831513	4.222191	0.395699	1.666966	1.033112	1.033990	1.032812	0.000074	0.004691	0.004680	0.003718	0.038894
7	4.072000	1.452503	4.072000	40.979609	0.179935	23.341691	3.420948	0.401596	1.612350	1.056213	1.056498	1.051021	0.000176	0.005674	0.005664	0.004501	0.040875
8	4.072000	1.466146	4.072000	31.727129	0.195957	16.413175	2.619705	0.407493	1.524223	1.079901	1.079545	1.072096	0.000512	0.007205	0.007196	0.005752	0.043494
9	4.072000	1.479789	4.072000	22.474650	0.219823	10.156216	1.818463	0.413391	1.381472	1.102431	1.101283	1.096524	0.001980	0.009901	0.009893	0.008132	0.047259
10	4.072000	1.493432	4.072000	13.330456	0.261631	4.815609	1.026218	0.419347	1.179547	1.118298	1.115664	1.115801	0.010542	0.015708	0.015701	0.014214	0.053517
11	4.072000	1.507075	4.072000	12.188190	0.269561	4.094097	0.898908	0.429657	1.145314	1.117759	1.114848	1.115130	0.013959	0.017298	0.017292	0.015882	0.054661
12	4.072000	1.520719	4.072000	11.045925	0.278550	3.400856	0.771598	0.439967	1.112415	1.116237	1.113181	1.113593	0.018459	0.019253	0.019246	0.017818	0.055942
13	4.072000	1.534362	4.072000	9.903660	0.288872	2.738262	0.644288	0.450277	1.081844	1.113514	1.110537	1.111739	0.024310	0.021704	0.021698	0.020107	0.057395
14	4.072000	1.548005	4.072000	8.761394	0.300917	2.109240	0.516978	0.460588	1.054678	1.109485	1.106854	1.110692	0.031777	0.024842	0.024839	0.022922	0.059064
15	4.072000	1.561648	4.072000	7.633855	0.315057	1.543757	0.396158	0.471107	1.033035	1.104477	1.102343	1.110566	0.040586	0.028736	0.028780	0.026368	0.060992
16	4.072000	1.575291	4.072000	6.875574	0.326238	1.648585	0.438072	0.486863	1.040028	1.102357	1.099959	1.106460	0.039085	0.029183	0.029205	0.026615	0.062492
17	4.072000	1.588935	4.072000	6.117293	0.339196	1.737314	0.479986	0.502619	1.047579	1.100237	1.097553	1.102262	0.037736	0.029743	0.029749	0.027039	0.064206
18	4.072000	1.602578	4.072000	5.359011	0.354494	1.807503	0.521900	0.518375	1.055652	1.098095	1.095113	1.098084	0.036574	0.030456	0.030453	0.027681	0.066196
19	4.072000	1.616221	4.072000	4.600730	0.372988	1.855845	0.563815	0.534131	1.064207	1.095910	1.092627	1.094023	0.035644	0.031380	0.031372	0.028598	0.068556
20	4.072000	1.629864	4.072000	3.863967	0.395330	1.883822	0.606595	0.550409	1.073397	1.093575	1.089991	1.090015	0.034904	0.032547	0.032536	0.029826	0.071345
21	4.072000	1.643508	4.072000	3.445358	0.410732	1.979333	0.662182	0.574414	1.085961	1.089829	1.085857	1.084461	0.032789	0.033101	0.033088	0.030572	0.073230
22	4.072000	1.657151	4.072000	3.026750	0.428856	2.054819	0.717769	0.598419	1.099144	1.085928	1.081606	1.079209	0.030912	0.033817	0.033802	0.031619	0.075410
23	4.072000	1.670794	4.072000	2.608141	0.450672	2.106783	0.773356	0.622423	1.112856	1.081866	1.077244	1.074171	0.029297	0.034755	0.034737	0.033024	0.077984
24	4.072000	1.684437	4.072000	2.189532	0.477735	2.130289	0.828943	0.646428	1.127008	1.077654	1.072787	1.069242	0.027986	0.036004	0.035982	0.034881	0.081104
25	4.072000	1.698080	4.072000	1.790296	0.510892	2.126688	0.884978	0.671917	1.141632	1.073017	1.067952	1.064000	0.026935	0.037626	0.037602	0.037295	0.084825
26	4.072000	1.711724	4.072000	1.590950	0.531396	2.184754	0.945629	0.712721	1.157771	1.065315	1.059987	1.055401	0.025018	0.038651	0.038622	0.039648	0.087073
27	4.072000	1.725367	4.072000	1.391604	0.555646	2.223414	1.006279	0.753526	1.174134	1.057949	1.052440	1.046752	0.023355	0.039806	0.039775	0.042569	0.089682
28	4.072000	1.739010	4.072000	1.192258	0.585033	2.239010	1.066930	0.794330	1.190631	1.051379	1.045770	1.037999	0.021958	0.041121	0.041091	0.046158	0.092777
29	4.072000	1.752653	4.072000	0.992912	0.621823	2.226288	1.127581	0.835134	1.207176	1.046195	1.040573	1.029101	0.020851	0.042648	0.042623	0.050538	0.096553
30	4.072000	1.766296	4.072000	0.806177	0.666541	2.186775	1.187219	0.880634	1.223420	1.042726	1.037161	1.019090	0.020025	0.044370	0.044357	0.056123	0.101007
31	4.072000	1.779940	4.072000	0.718087	0.692753	2.195682	1.238931	0.962865	1.237434	1.041445	1.036097	1.001649	0.018933	0.044810	0.044810	0.064184	0.103552
32	4.072000	1.793583	4.072000	0.629997	0.723643	2.189689	1.290643	1.045095	1.251343	1.040932	1.031156	0.984269	0.018006	0.045368	0.045786	0.071500	0.106494
33	4.072000	1.807226	4.072000	0.541907	0.760902	2.165904	1.342356	1.127325	1.265113	1.040057	1.022307	0.967070	0.017255	0.046247	0.047344	0.077417	0.109964
34	4.072000	1.820869	4.072000	0.453817	0.807254	2.120187	1.394068	1.209555	1.278715	1.036470	1.014225	0.950309	0.016704	0.047566	0.049182	0.082313	0.114166
35	4.072000	1.834513	4.072000	0.372753	0.861979	2.051028	1.440018	1.303725	1.290640	1.028632	1.005942	0.932461	0.016465	0.049422	0.051425	0.087324	0.118977
36	4.072000	1.848156	4.072000	0.335447	0.892817	1.994017	1.450077	1.472252	1.293229	1.012211	0.993679	0.906714	0.016770	0.051108	0.053181	0.093262	0.121621
37	4.072000	1.861799	4.072000	0.298142	0.928602	1.930474	1.460135	1.640779	1.295809	0.997113	0.983646	0.886900	0.017155	0.053248	0.054865	0.098118	0.124631
38	4.072000	1.875442	4.072000	0.260836	0.970915	1.859061	1.470194	1.809306	1.298381	0.984674	0.975128	0.872251	0.017643	0.055778	0.056767	0.102727	0.128114
39	4.072000	1.889085	4.072000	0.223530	1.022175	1.777916	1.480253	1.977833	1.300944	0.974630	0.967518	0.861495	0.018274	0.058736	0.059179	0.107612	0.132230
40	4.072000	1.902729	4.072000	0.189800	1.079456	1.682742	1.479524	2.156209	1.300759	0.966132	0.960092	0.853477	0.019344	0.062265	0.062363	0.113633	0.136703
41	4.072000	1.916372	4.072000	0.174385	1.110369	1.573996	1.423543	2.385027	1.286383	0.957728	0.951401	0.847903	0.021941	0.066272	0.066247	0.122276	0.139064
42	4.072000	1.930015	4.072000	0.158970	1.145157	1.466163	1.367562	2.613846	1.271766	0.951014	0.943914	0.844319	0.024950	0.070644	0.070618	0.131338	0.141679
43	4.072000	1.943658	4.072000	0.143555	1.184761	1.359141	1.311580	2.842665	1.256937	0.945448	0.937534	0.841871	0.028452	0.075464	0.075440	0.140863	0.144604
44	4.072000	1.957302	4.072000	0.128140	1.230482	1.252784	1.255599	3.071483	1.241930	0.940641	0.931911	0.840008	0.032548	0.080846	0.080824	0.150870	0.147915
45	4.072000	1.970945	4.072000	0.114436	1.277761	1.146667	1.193402	3.268817	1.225100	0.936687	0.927190	0.838619	0.037589	0.086799	0.086778	0.161273	0.151267
46	4.072000	1.984588	4.072000	0.108102	1.302243	1.041220	1.104419	3.330477	1.200857	0.934110	0.923975	0.837563	0.044578	0.092907	0.092887	0.170930	0.152976
47	4.072000	1.998231	4.072000	0.101769	1.328715	0.938256	1.015437	3.392137	1.176618	0.930692	0.920051	0.834961	0.052767	0.099823	0.099805	0.179358	0.154803
48	4.072000	2.011874	4.072000	0.095436	1.357481	0.837897	0.926454	3.453797	1.152640	0.926214	0.915301	0.830655	0.062261	0.107678	0.107661	0.186213	0.156766
49	4.072000	2.025518	4.072000	0.089102	1.388911	0.740280	0.837472	3.515458	1.129213	0.920434	0.909608	0.824814	0.073122	0.116611	0.116596	0.191392	0.158883
50	4.072000	2.039161	4.072000	0.083546	1.419044	0.651274	0.752764	3.526300	1.107721	0.914167	0.903964	0.818868	0.084593	0.125875	0.125861	0.194611	0.160887
51	4.072000	2.052804	4.072000	0.080855	1.434615	0.585204	0.683821	3.349772	1.091024	0.910766	0.901816	0.815890	0.094172	0.132617	0.132604	0.195198	0.161913
52	4.072000	2.066447	4.072000	0.078164	1.450894	0.520299	0.614877	3.173245	1.075226	0.906934	0.899570	0.814895	0.104236	0.139730	0.139719	0.195266	0.162978
53	4.072000	2.080090	4.072000	0.075472	1.467938	0.456596	0.545934	2.996717	1.060500	0.903061	0.897406	0.817024	0.114617	0.147116	0.147141	0.195102	0.164086
54	4.072000	2.093734	4.072000	0.072781	1.485812	0.394136	0.476990	2.820189	1.047022	0.899786	0.895598	0.822644	0.125093	0.154612	0.154894	0.195000	0.165241
55	4.072000	2.107377	4.072000	0.070429	1.502174	0.340177	0.416222	2.640473	1.036311	0.898957	0.895465	0.830170	0.134179	0.160836	0.161752	0.195084	0.166290
56	4.072000	2.121020	4.072000	0.069159	1.511314	0.309976	0.381577	2.450568	1.030739	0.903283	0.899568	0.837042	0.139182	0.163049	0.164439	0.194887	0.166873
57	4.072000	2.134663	4.072000	0.067889	1.520681	0.280096	0.346932	2.260664	1.025580	0.909700	0.905317	0.845104	0.144023	0.164726	0.166689	0.194697	0.167469
58	4.072000	2.148307	4.072000	0.066618	1.530285	0.250543	0.312288	2.070759	1.020852	0.918464	0.912515	0.854890	0.148657	0.165756	0.169023	0.194451	0.168077
59	4.072000	2.161950	4.072000	0.065348	1.540136	0.221324	0.277643	1.880854	1.016572	0.929997	0.920932	0.867380	0.153038	0.166067	0.172055	0.194014	0.168699
60	4.072000	2.175593	4.072000	0.064200	1.549262	0.197504	0.249230	1.714141	1.013408	0.943168	0.929749	0.881679	0.156464	0.165645	0.175078	0.193249	0.169273
61	4.072000	2.189236	4.072000	0.063394	1.555804	0.188009	0.238250	1.612301	1.012270	0.953251	0.936474	0.892374	0.157914	0.164803	0.176441	0.192377	0.169683
62	4.072000	2.202879	4.072000	0.062587	1.562459	0.178581	0.227270	1.510460	1.011180	0.964719	0.944079	0.905118	0.159334	0.164063	0.177531	0.191102	0.170099
63	4.072000	2.216523	4.072000	0.061781	1.569229	0.169220	0.216291	1.408620	1.010140	0.977402	0.952801	0.920118	0.160723	0.163624	0.178032	0.189240	0.170522
64	4.072000	2.230166	4.072000	0.060974	1.576117	0.159928	0.205311	1.306779	1.009148	0.990293	0.962869	0.937383	0.162080	0.163726	0.177611	0.186495	0.170950
65	4.072000	2.243809	4.072000	0.060202	1.582825	0.152790	0.196982	1.222593	1.008428	0.999187	0.972388	0.953156	0.163173	0.164316	0.176357	0.183278	0.171366
66	4.072000	2.257452	4.072000	0.059516	1.588887	0.150829	0.195198	1.181979	1.008278	1.002145	0.977500	0.961122	0.163689	0.164754	0.175452	0.181396	0.171742
67	4.072000	2.271095	4.072000	0.058829	1.595042	0.148873	0.193414	1.141364	1.008129	1.003815	0.982871	0.969294	0.164209	0.165238	0.174312	0.179170	0.172122
68	4.072000	2.284739	4.072000	0.058143	1.601295	0.146924	0.191631	1.100750	1.007981	1.004324	0.988501	0.977630	0.164734	0.165741	0.172925	0.176559	0.172507
69	4.072000	2.298382	4.072000	0.057457	1.607646	0.144981	0.189847	1.060136	1.007834	1.004288	0.994390	0.986089	0.165262	0.166249	0.171282	0.173533	0.172898
70	4.072000	2.312025	4.072000	0.056787	1.613941	0.143259	0.188325	1.028244	1.007711	1.004225	0.999189	0.992797	0.165765	0.166735	0.169895	0.170944	0.173284
71	4.072000	2.325668	4.072000	0.056154	1.619982	0.142007	0.187378	1.015467	1.007634	1.004192	1.001139	0.995501	0.166207	0.167167	0.169529	0.170067	0.173653
72	4.072000	2.339312	4.072000	0.055521	1.626115	0.140756	0.186431	1.002690	1.007558	1.004162	1.003114	0.998211	0.166653	0.167604	0.169140	0.169158	0.174028
73	4.072000	2.352955	4.072000	0.054888	1.632342	0.139507	0.185484	0.989914	1.007482	1.004138	1.003490	1.000927	0.167103	0.168045	0.169404	0.168218	0.174407
74	4.072000	2.366598	4.072000	0.054255	1.638665	0.138259	0.184537	0.977137	1.007406	1.004117	1.003446	1.003646	0.167559	0.168491	0.169845	0.167250	0.174791
75	4.072000	2.380241	4.072000	0.053647	1.644833	0.136473	0.182839	0.968206	1.007272	1.004060	1.003368	1.005564	0.168060	0.168974	0.170314	0.166711	0.175165
76	4.072000	2.393884	4.072000	0.053087	1.650592	0.133640	0.179670	0.966796	1.007024	1.003928	1.003225	1.005905	0.168644	0.169523	0.170833	0.167050	0.175514
77	4.072000	2.407528	4.072000	0.052528	1.656432	0.130820	0.176502	0.965386	1.006781	1.003798	1.003083	1.006245	0.169229	0.170074	0.171352	0.167392	0.175866
78	4.072000	2.421171	4.072000	0.051968	1.662356	0.128014	0.173333	0.963977	1.006541	1.003671	1.002943	1.006584	0.169815	0.170626	0.171873	0.167738	0.176223
79	4.072000	2.434814	4.072000	0.051409	1.668366	0.125221	0.170165	0.962567	1.006306	1.003545	1.002806	1.006922	0.170401	0.171180	0.172395	0.168087	0.176584
80	4.072000	2.448457	4.072000	0.050887	1.674051	0.121736	0.165992	0.962754	1.006003	1.003378	1.002628	1.006932	0.171034	0.171770	0.172941	0.168640	0.176925
81	4.072000	2.462101	4.072000	0.050431	1.679083	0.117032	0.160058	0.965741	1.005584	1.003143	1.002383	1.006367	0.171738	0.172417	0.173522	0.169543	0.177226
82	4.072000	2.475744	4.072000	0.049974	1.684177	0.112353	0.154125	0.968727	1.005181	1.002915	1.002147	1.005799	0.172432	0.173056	0.174096	0.170441	0.177531
83	4.072000	2.489387	4.072000	0.049518	1.689332	0.107698	0.148192	0.971713	1.004792	1.002696	1.001922	1.005229	0.173117	0.173688	0.174663	0.171334	0.177838
84	4.072000	2.503030	4.072000	0.049062	1.694552	0.103068	0.142258	0.974699	1.004418	1.002485	1.001708	1.004657	0.173791	0.174312	0.175223	0.172222	0.178149
85	4.072000	2.516673	4.072000	0.048654	1.699274	0.097810	0.135377	0.978223	1.004003	1.002251	1.001474	1.003978	0.174475	0.174943	0.175779	0.173166	0.178430
86	4.072000	2.530317	4.072000	0.048322	1.703156	0.091551	0.127003	0.982592	1.003525	1.001981	1.001213	1.003130	0.175172	0.175579	0.176325	0.174196	0.178660
87	4.072000	2.543960	4.072000	0.047991	1.707073	0.085318	0.118630	0.986962	1.003077	1.001728	1.000979	1.002279	0.175843	0.176193	0.176853	0.175206	0.178892
88	4.072000	2.557603	4.072000	0.047659	1.711026	0.079113	0.110256	0.991332	1.002660	1.001492	1.000773	1.001422	0.176488	0.176786	0.177363	0.176197	0.179126
89	4.072000	2.571246	4.072000	0.047327	1.715016	0.072934	0.101882	0.995702	1.002272	1.001273	1.000595	1.000562	0.177105	0.177357	0.177855	0.177166	0.179362
90	4.072000	2.584889	4.072000	0.047052	1.718352	0.066253	0.092730	0.999759	1.001883	1.001055	1.000432	0.999769	0.177686	0.177893	0.178309	0.178064	0.179558
91	4.072000	2.598533	4.072000	0.046857	1.720725	0.058843	0.082472	1.003374	1.001490	1.000835	0.999742	0.999069	0.178215	0.178376	0.178942	0.178863	0.179698
92	4.072000	2.612176	4.072000	0.046663	1.723111	0.051453	0.072214	1.006989	1.001143	1.000641	0.999049	0.998363	0.178700	0.178822	0.179564	0.179628	0.179839
93	4.072000	2.625819	4.072000	0.046469	1.725510	0.044083	0.061956	1.010604	1.000842	1.000473	0.998389	0.997650	0.179140	0.179230	0.180155	0.180357	0.179980
94	4.072000	2.639462	4.072000	0.046274	1.727923	0.036733	0.051699	1.014218	1.000586	1.000331	0.997757	0.996931	0.179537	0.179598	0.180715	0.181050	0.180122
95	4.072000	2.653106	4.072000	0.046144	1.729544	0.030446	0.042891	1.016421	1.000404	1.000230	0.997376	0.996498	0.179814	0.179856	0.181083	0.181502	0.180217
96	4.072000	2.666749	4.072000	0.046097	1.730138	0.025504	0.035941	1.016816	1.000283	1.000163	0.997300	0.996433	0.179969	0.179998	0.181226	0.181669	0.180252
97	4.072000	2.680392	4.072000	0.046049	1.730733	0.020566	0.028992	1.017211	1.000184	1.000107	0.997229	0.996365	0.180102	0.180122	0.181355	0.181821	0.180287
98	4.072000	2.694035	4.072000	0.046002	1.731328	0.015631	0.022042	1.017606	1.000107	1.000064	0.997161	0.996294	0.180215	0.180226	0.181469	0.181955	0.180322
99	4.072000	2.707678	4.072000	0.045954	1.731925	0.010699	0.015093	1.018000	1.000050	1.000033	0.997096	0.996220	0.180307	0.180312	0.181569	0.182073	0.180357
100	4.072000	2.721322	4.072000	0.045977	1.731632	0.011837	0.016696	1.016266	1.000061	1.000038	0.997374	0.996581	0.180278	0.180285	0.181427	0.181881	0.180340
101	4.072000	2.734965	4.072000	0.046083	1.730312	0.020012	0.028205	1.012066	1.000175	1.000100	0.998054	0.997444	0.180088	0.180106	0.180986	0.181307	0.180262
102	4.072000	2.748608	4.072000	0.046188	1.728996	0.028200	0.039713	1.007866	1.000346	1.000195	0.998746	0.998299	0.179839	0.179875	0.180504	0.180683	0.180185
103	4.072000	2.762251	4.072000	0.046293	1.727684	0.036399	0.051222	1.003666	1.000576	1.000323	0.999458	0.999146	0.179533	0.179594	0.179981	0.180009	0.180108
104	4.072000	2.775894	4.072000	0.046399	1.726376	0.044611	0.062731	0.999466	1.000863	1.000485	1.000109	0.999985	0.179170	0.179262	0.179457	0.179286	0.180031
105	4.072000	2.789538	4.072000	0.046579	1.724140	0.052557	0.073808	0.993516	1.001194	1.000672	1.000194	1.001186	0.178710	0.178838	0.179106	0.178294	0.179899
106	4.072000	2.803181	4.072000	0.046839	1.720948	0.060234	0.084432	0.985732	1.001562	1.000882	1.000312	1.002769	0.178157	0.178327	0.178674	0.177021	0.179711
107	4.072000	2.816824	4.072000	0.047099	1.717779	0.067938	0.095056	0.977949	1.001979	1.001122	1.000471	1.004347	0.177558	0.177776	0.178212	0.175700	0.179525
108	4.072000	2.830467	4.072000	0.047358	1.714633	0.075670	0.105681	0.970165	1.002444	1.001392	1.000672	1.005921	0.176913	0.177186	0.177719	0.174333	0.179339
109	4.072000	2.844111	4.072000	0.047618	1.711511	0.083430	0.116305	0.962382	1.002958	1.001691	1.000919	1.007489	0.176223	0.176558	0.177195	0.172923	0.179154
110	4.072000	2.857754	4.072000	0.047956	1.707486	0.090596	0.125998	0.953930	1.003470	1.001991	1.001184	1.009201	0.175483	0.175883	0.176620	0.171381	0.178916
111	4.072000	2.871397	4.072000	0.048367	1.702633	0.097207	0.134808	0.944844	1.003970	1.002290	1.001458	1.011052	0.174707	0.175169	0.176000	0.169719	0.178629
112	4.072000	2.885040	4.072000	0.048778	1.697834	0.103852	0.143618	0.935759	1.004502	1.002617	1.001766	1.012900	0.173903	0.174429	0.175356	0.168028	0.178344
113	4.072000	2.898683	4.072000	0.049189	1.693089	0.110532	0.152428	0.926673	1.005068	1.002982	1.002119	1.014747	0.173072	0.173653	0.174679	0.166311	0.178062
114	4.072000	2.912327	4.072000	0.049601	1.688397	0.117245	0.161238	0.917587	1.005667	1.003405	1.002533	1.016591	0.172214	0.172831	0.173955	0.164569	0.177783
115	4.072000	2.925970	4.072000	0.050089	1.682891	0.123064	0.168689	0.908934	1.006198	1.003845	1.002963	1.018357	0.171374	0.171984	0.173189	0.162875	0.177454
116	4.072000	2.939613	4.072000	0.050644	1.676726	0.128119	0.174974	0.900652	1.006665	1.004314	1.003421	1.020055	0.170557	0.171110	0.172381	0.161230	0.177085
117	4.072000	2.953256	4.072000	0.051198	1.670650	0.133203	0.181259	0.892369	1.007148	1.004882	1.003975	1.021753	0.169731	0.170176	0.171511	0.159579	0.176721
118	4.072000	2.966899	4.072000	0.051753	1.664662	0.138318	0.187544	0.884087	1.007647	1.005562	1.004640	1.023452	0.168895	0.169175	0.170571	0.157926	0.176362
119	4.072000	2.980543	4.072000	0.052307	1.658758	0.143462	0.193829	0.875804	1.008163	1.006365	1.005425	1.025151	0.168050	0.168103	0.169556	0.156271	0.176006
120	4.072000	2.994186	4.072000	0.052932	1.652203	0.147455	0.198437	0.869609	1.008552	1.007047	1.006092	1.026422	0.167287	0.167126	0.168617	0.154910	0.175611
121	4.072000	3.007829	4.072000	0.053612	1.645191	0.150552	0.201745	0.865031	1.008836	1.007594	1.006626	1.027364	0.166595	0.166252	0.167765	0.153781	0.175187
122	4.072000	3.021472	4.072000	0.054292	1.638297	0.153665	0.205053	0.860452	1.009125	1.008182	1.007201	1.028305	0.165906	0.165361	0.166896	0.152659	0.174769
123	4.072000	3.035116	4.072000	0.054971	1.631517	0.156793	0.208361	0.855874	1.009418	1.008812	1.007815	1.029247	0.165219	0.164453	0.166008	0.151544	0.174357
124	4.072000	3.048759	4.072000	0.055651	1.624848	0.159936	0.211669	0.851296	1.009716	1.009482	1.008469	1.030189	0.164534	0.163529	0.165102	0.150435	0.173950
125	4.072000	3.062402	4.072000	0.056386	1.617756	0.161992	0.213455	0.852619	1.009879	1.009416	1.008409	1.029878	0.163950	0.163062	0.164646	0.150064	0.173517
126	4.072000	3.076045	4.072000	0.057160	1.610422	0.163279	0.214176	0.858072	1.009945	1.008860	1.007874	1.028691	0.163441	0.162903	0.164493	0.150215	0.173068
127	4.072000	3.089688	4.072000	0.057934	1.603219	0.164565	0.214896	0.863524	1.010011	1.008360	1.007396	1.027505	0.162938	0.162719	0.164313	0.150376	0.172626
128	4.072000	3.103332	4.072000	0.058708	1.596143	0.165848	0.215617	0.868976	1.010077	1.007916	1.006974	1.026320	0.162442	0.162508	0.164107	0.150546	0.172190
129	4.072000	3.116975	4.072000	0.059482	1.589190	0.167131	0.216338	0.874428	1.010144	1.007528	1.006607	1.025135	0.161953	0.162271	0.163874	0.150725	0.171761
130	4.072000	3.130618	4.072000	0.060297	1.581996	0.168494	0.217115	0.894987	1.010216	1.006438	1.005593	1.020703	0.161442	0.162417	0.164033	0.152667	0.171315
131	4.072000	3.144261	4.072000	0.061138	1.574705	0.169909	0.217929	0.925068	1.010292	1.005843	1.005102	1.014242	0.160920	0.162250	0.163872	0.155739	0.170863
132	4.072000	3.157905	4.072000	0.061980	1.567547	0.171322	0.218743	0.955149	1.010368	1.005751	1.005098	1.007802	0.160406	0.161777	0.163399	0.158773	0.170417
133	4.072000	3.171548	4.072000	0.062821	1.560518	0.172734	0.219557	0.985230	1.010444	1.005724	1.005139	1.001385	0.159898	0.161279	0.162900	0.161698	0.169978
134	4.072000	3.185191	4.072000	0.063662	1.553613	0.174145	0.220371	1.015311	1.010521	1.005719	1.002792	0.994994	0.159397	0.160787	0.163353	0.164456	0.169546
135	4.072000	3.198834	4.072000	0.064579	1.546226	0.179421	0.225967	1.080191	1.011054	1.005959	0.993308	0.981261	0.158440	0.159915	0.166132	0.169972	0.169082
136	4.072000	3.212477	4.072000	0.065539	1.538644	0.186932	0.234273	1.164786	1.011870	1.004864	0.982006	0.963743	0.157212	0.158827	0.168819	0.175664	0.168605
137	4.072000	3.226121	4.072000	0.066498	1.531208	0.194500	0.242579	1.249382	1.012713	0.998764	0.971847	0.947018	0.155971	0.157866	0.170459	0.179792	0.168136
138	4.072000	3.239764	4.072000	0.067458	1.523913	0.202123	0.250885	1.333977	1.013583	0.989106	0.962783	0.931459	0.154718	0.157279	0.171178	0.182744	0.167674
139	4.072000	3.253407	4.072000	0.068417	1.516756	0.209800	0.259191	1.418572	1.014481	0.978368	0.954728	0.917347	0.153453	0.157135	0.171136	0.184859	0.167220
140	4.072000	3.267050	4.072000	0.069665	1.507646	0.228983	0.281191	1.558041	1.016990	0.962068	0.943960	0.897211	0.150632	0.157044	0.169270	0.187121	0.166640
141	4.072000	3.280693	4.072000	0.071059	1.497722	0.254231	0.310141	1.725358	1.020574	0.946048	0.933728	0.878116	0.146863	0.157102	0.165733	0.188715	0.166005
142	4.072000	3.294337	4.072000	0.072453	1.488055	0.279768	0.339091	1.892675	1.024472	0.933527	0.925315	0.863480	0.142924	0.156966	0.162093	0.189660	0.165385
143	4.072000	3.307980	4.072000	0.073847	1.478632	0.305588	0.368041	2.059992	1.028673	0.923749	0.918041	0.852035	0.138843	0.156405	0.159045	0.190263	0.164778
144	4.072000	3.321623	4.072000	0.075241	1.469444	0.331687	0.396991	2.227308	1.033168	0.916142	0.911657	0.842822	0.134646	0.155380	0.156689	0.190687	0.164184
145	4.072000	3.335266	4.072000	0.077569	1.454588	0.378103	0.447971	2.400169	1.041763	0.912349	0.908119	0.833447	0.127101	0.151193	0.151690	0.190739	0.163219
146	4.072000	3.348910	4.072000	0.080322	1.437782	0.434570	0.508924	2.575539	1.053099	0.911492	0.906732	0.825336	0.117904	0.145391	0.145495	0.190869	0.162120
147	4.072000	3.362553	4.072000	0.083074	1.421726	0.492114	0.569877	2.750909	1.065482	0.912206	0.906395	0.820181	0.108695	0.139423	0.139424	0.191113	0.161064
148	4.072000	3.376196	4.072000	0.085826	1.406365	0.550700	0.630830	2.926278	1.078793	0.913865	0.906714	0.818135	0.099647	0.133467	0.133454	0.191289	0.160047
149	4.072000	3.389839	4.072000	0.088578	1.391646	0.610298	0.691783	3.101648	1.092910	0.915915	0.907405	0.818622	0.090899	0.127647	0.127633	0.191201	0.159066
150	4.072000	3.403482	4.072000	0.093853	1.365070	0.692258	0.769702	3.137520	1.111940	0.921703	0.912180	0.823198	0.079898	0.119081	0.119066	0.189230	0.157279
151	4.072000	3.417126	4.072000	0.100141	1.335876	0.785261	0.854437	3.117337	1.133622	0.927735	0.917701	0.829172	0.068875	0.110293	0.110276	0.185634	0.155294
152	4.072000	3.430769	4.072000	0.106430	1.309029	0.880838	0.939172	3.097154	1.156040	0.932447	0.922304	0.834279	0.059055	0.102503	0.102485	0.180632	0.153447
153	4.072000	3.444412	4.072000	0.112718	1.284219	0.978863	1.023907	3.076971	1.178919	0.936026	0.926075	0.837939	0.050433	0.095600	0.095581	0.174122	0.151720
154	4.072000	3.458055	4.072000	0.119007	1.261188	1.079225	1.108642	3.056788	1.202009	0.938667	0.929110	0.840049	0.042951	0.089475	0.089454	0.166228	0.150100
155	4.072000	3.471698	4.072000	0.131890	1.218710	1.184348	1.175653	2.908298	1.220275	0.942752	0.933886	0.842232	0.037046	0.083269	0.083246	0.156508	0.147069
156	4.072000	3.485342	4.072000	0.147109	1.175143	1.291704	1.236384	2.714340	1.236746	0.947793	0.939719	0.844759	0.032183	0.077535	0.077511	0.146549	0.143899
157	4.072000	3.498985	4.072000	0.162328	1.137206	1.400360	1.297115	2.520382	1.253074	0.953368	0.946080	0.847595	0.028026	0.072424	0.072399	0.136822	0.141085
158	4.072000	3.512628	4.072000	0.177548	1.103736	1.510377	1.357846	2.326424	1.269206	0.959781	0.953206	0.851204	0.024461	0.067823	0.067809	0.127396	0.138560
159	4.072000	3.526271	4.072000	0.192767	1.073889	1.621786	1.418576	2.132465	1.285096	0.967416	0.961016	0.856242	0.021397	0.063644	0.063783	0.118313	0.136274
160	4.072000	3.539915	4.072000	0.224581	1.020578	1.721154	1.430756	1.964034	1.288250	0.975639	0.968154	0.863741	0.019893	0.059927	0.060430	0.111503	0.132104
161	4.072000	3.553558	4.072000	0.261539	0.970045	1.807181	1.427885	1.803516	1.287507	0.985328	0.975467	0.873940	0.018986	0.056785	0.057833	0.105992	0.128043
162	4.072000	3.567201	4.072000	0.298497	0.928234	1.884786	1.425013	1.642998	1.286764	0.997204	0.983610	0.887715	0.018243	0.054085	0.055744	0.100817	0.124600
163	4.072000	3.580844	4.072000	0.335455	0.892810	1.955619	1.422142	1.482480	1.286020	1.011495	0.993112	0.906171	0.017620	0.051783	0.053889	0.095497	0.121620
164	4.072000	3.594487	4.072000	0.372413	0.862242	2.020862	1.419271	1.321962	1.285276	1.027181	1.004592	0.930017	0.017088	0.049922	0.052004	0.089318	0.119000
165	4.072000	3.608131	4.072000	0.449382	0.809901	2.092900	1.380639	1.222918	1.275201	1.035783	1.013082	0.948220	0.017169	0.048006	0.049715	0.083969	0.114402
166	4.072000	3.621774	4.072000	0.537093	0.763169	2.143465	1.332406	1.140378	1.262476	1.039921	1.021042	0.964791	0.017622	0.046592	0.047797	0.078966	0.110172
167	4.072000	3.635417	4.072000	0.624804	0.725642	2.172710	1.284174	1.057838	1.249610	1.040964	1.029778	0.981875	0.018271	0.045627	0.046168	0.073018	0.106683
168	4.072000	3.649060	4.072000	0.712515	0.694554	2.184704	1.235942	0.975297	1.236626	1.041442	1.036104	0.999196	0.019087	0.044983	0.044983	0.065667	0.103726
169	4.072000	3.662704	4.072000	0.800226	0.668189	2.182283	1.187709	0.892757	1.223553	1.042293	1.036704	1.016613	0.020057	0.044518	0.044509	0.057425	0.101168
170	4.072000	3.676347	4.072000	0.978686	0.624822	2.220299	1.129971	0.843565	1.207828	1.045369	1.039714	1.027341	0.020860	0.042888	0.042865	0.051447	0.096856
171	4.072000	3.689990	4.072000	1.177970	0.587389	2.236551	1.070050	0.802027	1.191481	1.050267	1.044619	1.036376	0.021918	0.041344	0.041315	0.046860	0.093022
172	4.072000	3.703633	4.072000	1.377254	0.557570	2.224223	1.010130	0.760488	1.175178	1.056733	1.051181	1.045272	0.023268	0.040002	0.039972	0.043092	0.089887
173	4.072000	3.717276	4.072000	1.576539	0.533010	2.188688	0.950209	0.718950	1.159000	1.064130	1.058759	1.054072	0.024880	0.038811	0.038783	0.040024	0.087248
174	4.072000	3.730920	4.072000	1.775823	0.512276	2.133670	0.890289	0.677411	1.143034	1.071948	1.066840	1.062826	0.026743	0.037746	0.037721	0.037552	0.084978
175	4.072000	3.744563	4.072000	2.159658	0.479927	2.133223	0.833895	0.650280	1.128287	1.076919	1.072018	1.068424	0.027855	0.036146	0.036124	0.035105	0.081354
176	4.072000	3.758206	4.072000	2.579078	0.452358	2.112025	0.778182	0.625926	1.114069	1.081212	1.076554	1.073421	0.029144	0.034861	0.034843	0.033185	0.078181
177	4.072000	3.771849	4.072000	2.998498	0.430199	2.061816	0.722468	0.601573	1.100284	1.085357	1.080998	1.078521	0.030742	0.033896	0.033881	0.031733	0.075570
178	4.072000	3.785492	4.072000	3.417918	0.411829	1.987695	0.666755	0.577220	1.087023	1.089341	1.085333	1.083829	0.032605	0.033158	0.033145	0.030647	0.073363
179	4.072000	3.799136	4.072000	3.837338	0.396242	1.893260	0.611041	0.552866	1.074377	1.093169	1.089550	1.089437	0.034707	0.032586	0.032575	0.029870	0.071457
180	4.072000	3.812779	4.072000	4.550663	0.374351	1.859598	0.567019	0.535817	1.064880	1.095641	1.092332	1.093610	0.035565	0.031460	0.031452	0.028675	0.068728
181	4.072000	3.826422	4.072000	5.310505	0.355570	1.812209	0.524848	0.519925	1.056238	1.097852	1.094846	1.097695	0.036490	0.030519	0.030515	0.027735	0.066335
182	4.072000	3.840065	4.072000	6.070347	0.340068	1.742570	0.482676	0.504032	1.048082	1.100018	1.097312	1.101905	0.037653	0.029794	0.029799	0.027077	0.064321
183	4.072000	3.853709	4.072000	6.830189	0.326959	1.654085	0.440505	0.488139	1.040452	1.102159	1.099743	1.106141	0.039005	0.029226	0.029247	0.026642	0.062588
184	4.072000	3.867352	4.072000	7.590031	0.315662	1.549259	0.398333	0.472246	1.033383	1.104300	1.102152	1.110290	0.040512	0.028773	0.028816	0.026386	0.061074
185	4.072000	3.880995	4.072000	8.687744	0.301764	2.061356	0.506665	0.461277	1.052660	1.109132	1.106540	1.110699	0.032439	0.025112	0.025111	0.023162	0.059181
186	4.072000	3.894638	4.072000	9.827920	0.289612	2.687280	0.633912	0.450927	1.079488	1.113269	1.110311	1.111647	0.024841	0.021915	0.021909	0.020300	0.057498
187	4.072000	3.908281	4.072000	10.968096	0.279207	3.346950	0.761159	0.440577	1.109807	1.116101	1.113044	1.113487	0.018876	0.019420	0.019414	0.017980	0.056036
188	4.072000	3.921925	4.072000	12.108272	0.270153	4.037405	0.888407	0.430226	1.142537	1.117718	1.114791	1.115087	0.014280	0.017434	0.017428	0.016022	0.054746
189	4.072000	3.935568	4.072000	13.248448	0.262169	4.756241	1.015654	0.419876	1.176677	1.118334	1.115677	1.115841	0.010787	0.015820	0.015813	0.014336	0.053595
190	4.072000	3.949211	4.072000	21.789923	0.222102	9.731191	1.760425	0.413588	1.368493	1.103952	1.102728	1.098334	0.002213	0.010179	0.010171	0.008395	0.047611
191	4.072000	3.962854	4.072000	31.033547	0.197406	15.944875	2.563780	0.407686	1.516299	1.081571	1.081168	1.073756	0.000557	0.007347	0.007339	0.005871	0.043727
192	4.072000	3.976497	4.072000	40.277172	0.180975	22.842487	3.367135	0.401784	1.607683	1.057822	1.058065	1.052358	0.000188	0.005759	0.005749	0.004569	0.041047
193	4.072000	3.990141	4.072000	49.520797	0.168930	30.309550	4.170490	0.395881	1.664142	1.034594	1.035434	1.033966	0.000078	0.004747	0.004736	0.003762	0.039030
194	4.072000	4.003784	4.072000	58.764422	0.159563	38.270159	4.973845	0.389979	1.700316	1.012518	1.013926	1.016842	0.000037	0.004047	0.004035	0.003210	0.037427
195	4.072000	4.017427	4.072000	402.336592	0.084031	59.755310	4.089939	0.387812	1.659578	1.037893	1.038645	1.036967	0.000039	0.002414	0.002409	0.001897	0.023101
196	4.072000	4.031070	4.072000	767.873627	0.067744	56.093512	3.095182	0.385890	1.581630	1.068043	1.068063	1.062183	0.000090	0.002295	0.002292	0.001794	0.019562
197	4.072000	4.044714	4.072000	1133.410663	0.059499	43.341059	2.100425	0.383969	1.439294	1.098358	1.097594	1.092607	0.000311	0.002518	0.002516	0.001976	0.017680
198	4.072000	4.058357	4.072000	1498.947698	0.054205	25.042842	1.105668	0.382047	1.201198	1.122651	1.120443	1.121181	0.001792	0.003206	0.003204	0.002662	0.016435
199	4.072000	4.072000	4.072000	1864.484733	0.050402	2.701637	0.110912	0.380126	1.002691	1.117318	1.115854	1.130489	0.013530	0.006467	0.006471	0.005181	0.015521
