# System: Si	NGX: 160	Number of points: 4096000
# Nr 	 x 		 y 	 	 z in A 	 rho 	 	 rs 	 	 t 	 	 s 	 	 alpha 	 	 FxPBE 	 	 FxSCAN 	 Fxr2SCAN 	 FxLAK 	 	 FcPBE 	 	 FcSCAN 	 Fcr2SCAN 	 FcLAK 	 FcLDA 

0	4.072000	1.357000	4.072000	1862.694809	0.050418	2.694879	0.110670	0.380314	1.002680	1.117279	1.115814	1.130455	0.013541	0.006474	0.006477	0.005184	0.015525
1	4.072000	1.370643	4.072000	1524.296402	0.053903	23.471214	1.030503	0.382088	1.180711	1.123689	1.121347	1.122391	0.002084	0.003297	0.003295	0.002761	0.016363
2	4.072000	1.384286	4.072000	1159.132778	0.059055	42.058709	2.023089	0.384003	1.424298	1.100581	1.099745	1.095103	0.000350	0.002552	0.002550	0.002006	0.017577
3	4.072000	1.397930	4.072000	793.969155	0.066994	55.264850	3.015675	0.385917	1.573161	1.070476	1.070437	1.064374	0.000098	0.002304	0.002301	0.001801	0.019393
4	4.072000	1.411573	4.072000	428.805532	0.082265	59.819033	4.008262	0.387831	1.654736	1.040290	1.040983	1.038876	0.000042	0.002392	0.002387	0.001879	0.022728
5	4.072000	1.425216	4.072000	63.641908	0.155378	39.514325	5.000848	0.389745	1.701290	1.011802	1.013229	1.016280	0.000035	0.003930	0.003919	0.003117	0.036701
6	4.072000	1.438859	4.072000	50.245785	0.168114	30.821166	4.220391	0.395571	1.666869	1.033179	1.034056	1.032871	0.000074	0.004692	0.004681	0.003718	0.038891
7	4.072000	1.452503	4.072000	40.995429	0.179911	23.331652	3.419037	0.401442	1.612187	1.056290	1.056573	1.051094	0.000176	0.005675	0.005665	0.004502	0.040871
8	4.072000	1.466146	4.072000	31.745073	0.195920	16.403598	2.617684	0.407314	1.523941	1.079985	1.079628	1.072189	0.000513	0.007206	0.007198	0.005753	0.043488
9	4.072000	1.479789	4.072000	22.494717	0.219757	10.147323	1.816330	0.413185	1.381001	1.102516	1.101366	1.096629	0.001986	0.009904	0.009896	0.008135	0.047249
10	4.072000	1.493432	4.072000	13.352585	0.261486	4.807776	1.023983	0.419115	1.178939	1.118358	1.115721	1.115873	0.010583	0.015713	0.015706	0.014223	0.053496
11	4.072000	1.507075	4.072000	12.207884	0.269416	4.088309	0.897154	0.429392	1.144849	1.117809	1.114898	1.115192	0.013999	0.017302	0.017295	0.015887	0.054640
12	4.072000	1.520719	4.072000	11.063184	0.278405	3.397015	0.770325	0.439669	1.112097	1.116283	1.113230	1.113654	0.018495	0.019253	0.019246	0.017820	0.055922
13	4.072000	1.534362	4.072000	9.918483	0.288728	2.736264	0.643497	0.449946	1.081664	1.113564	1.110590	1.111811	0.024334	0.021699	0.021693	0.020104	0.057375
14	4.072000	1.548005	4.072000	8.773782	0.300775	2.108971	0.516668	0.460223	1.054617	1.109548	1.106920	1.110773	0.031781	0.024827	0.024825	0.022912	0.059045
15	4.072000	1.561648	4.072000	7.643839	0.314920	1.545047	0.396316	0.470709	1.033060	1.104563	1.102429	1.110647	0.040560	0.028708	0.028752	0.026348	0.060974
16	4.072000	1.575291	4.072000	6.883930	0.326106	1.650290	0.438347	0.486433	1.040076	1.102453	1.100055	1.106547	0.039053	0.029153	0.029174	0.026594	0.062475
17	4.072000	1.588935	4.072000	6.124021	0.339072	1.739371	0.480378	0.502157	1.047653	1.100343	1.097659	1.102356	0.037699	0.029710	0.029715	0.027015	0.064190
18	4.072000	1.602578	4.072000	5.364112	0.354382	1.809841	0.522410	0.517881	1.055753	1.098211	1.095228	1.098186	0.036532	0.030420	0.030417	0.027654	0.066182
19	4.072000	1.616221	4.072000	4.604203	0.372894	1.858375	0.564441	0.533605	1.064338	1.096034	1.092752	1.094135	0.035597	0.031342	0.031334	0.028569	0.068545
20	4.072000	1.629864	4.072000	3.865879	0.395264	1.886453	0.607342	0.549850	1.073561	1.093708	1.090125	1.090138	0.034853	0.032507	0.032497	0.029795	0.071337
21	4.072000	1.643508	4.072000	3.446673	0.410680	1.982341	0.663104	0.573800	1.086175	1.089976	1.086006	1.084602	0.032731	0.033057	0.033044	0.030537	0.073223
22	4.072000	1.657151	4.072000	3.027468	0.428822	2.058123	0.718866	0.597750	1.099410	1.086087	1.081768	1.079367	0.030849	0.033770	0.033755	0.031579	0.075406
23	4.072000	1.670794	4.072000	2.608263	0.450664	2.110282	0.774629	0.621699	1.113176	1.082036	1.077418	1.074344	0.029229	0.034704	0.034686	0.032977	0.077983
24	4.072000	1.684437	4.072000	2.189058	0.477769	2.133854	0.830391	0.645649	1.127382	1.077832	1.072972	1.069426	0.027914	0.035950	0.035929	0.034827	0.081108
25	4.072000	1.698080	4.072000	1.789272	0.510989	2.130180	0.886600	0.671074	1.142060	1.073203	1.068147	1.064195	0.026860	0.037571	0.037546	0.037231	0.084836
26	4.072000	1.711724	4.072000	1.589858	0.531518	2.188405	0.947426	0.711724	1.158253	1.065522	1.060206	1.055622	0.024941	0.038589	0.038561	0.039563	0.087086
27	4.072000	1.725367	4.072000	1.390444	0.555801	2.227151	1.008251	0.752374	1.174669	1.058163	1.052668	1.046995	0.023276	0.039741	0.039710	0.042457	0.089699
28	4.072000	1.739010	4.072000	1.191031	0.585234	2.242744	1.069077	0.793024	1.191216	1.051576	1.045984	1.038261	0.021878	0.041056	0.041025	0.046012	0.092798
29	4.072000	1.752653	4.072000	0.991617	0.622094	2.229900	1.129902	0.833674	1.207809	1.046343	1.040738	1.029381	0.020771	0.042588	0.042563	0.050355	0.096581
30	4.072000	1.766296	4.072000	0.804834	0.666912	2.190098	1.189684	0.878960	1.224090	1.042789	1.037239	1.019398	0.019946	0.044323	0.044309	0.055897	0.101043
31	4.072000	1.779940	4.072000	0.716846	0.693152	2.198620	1.241304	0.960502	1.238075	1.041434	1.036091	1.002084	0.018862	0.044777	0.044777	0.063878	0.103591
32	4.072000	1.793583	4.072000	0.628859	0.724079	2.192236	1.292924	1.042045	1.251953	1.040918	1.031485	0.984828	0.017942	0.045340	0.045730	0.071170	0.106535
33	4.072000	1.807226	4.072000	0.540871	0.761388	2.168052	1.344545	1.123588	1.265692	1.040087	1.022674	0.967739	0.017198	0.046225	0.047292	0.077104	0.110008
34	4.072000	1.820869	4.072000	0.452884	0.807808	2.121920	1.396165	1.205130	1.279263	1.036703	1.014617	0.951067	0.016654	0.047548	0.049138	0.082033	0.114216
35	4.072000	1.834513	4.072000	0.371922	0.862621	2.052314	1.441993	1.298288	1.291149	1.029099	1.006369	0.933320	0.016420	0.049405	0.051392	0.087075	0.119032
36	4.072000	1.848156	4.072000	0.334712	0.893471	1.994862	1.451753	1.463781	1.293659	1.013009	0.994227	0.907800	0.016734	0.051078	0.053164	0.093040	0.121676
37	4.072000	1.861799	4.072000	0.297501	0.929268	1.930910	1.461513	1.629274	1.296162	0.998042	0.984268	0.888012	0.017126	0.053205	0.054864	0.097931	0.124686
38	4.072000	1.875442	4.072000	0.260291	0.971592	1.859128	1.471272	1.794767	1.298656	0.985632	0.975815	0.873283	0.017623	0.055727	0.056771	0.102575	0.128169
39	4.072000	1.889085	4.072000	0.223081	1.022861	1.777658	1.481032	1.960260	1.301142	0.975568	0.968278	0.862412	0.018262	0.058680	0.059174	0.107493	0.132284
40	4.072000	1.902729	4.072000	0.189434	1.080151	1.682476	1.480242	2.134845	1.300942	0.967052	0.960951	0.854288	0.019333	0.062200	0.062327	0.113522	0.136756
41	4.072000	1.916372	4.072000	0.174040	1.111102	1.575035	1.425423	2.355997	1.286870	0.958700	0.952431	0.848627	0.021883	0.066150	0.066129	0.122055	0.139120
42	4.072000	1.930015	4.072000	0.158646	1.145938	1.468424	1.370604	2.577149	1.272566	0.951995	0.944991	0.844944	0.024835	0.070461	0.070435	0.131004	0.141737
43	4.072000	1.943658	4.072000	0.143252	1.185598	1.362536	1.315785	2.798301	1.258057	0.946428	0.938632	0.842410	0.028264	0.075214	0.075190	0.140421	0.144665
44	4.072000	1.957302	4.072000	0.127857	1.231389	1.257213	1.260966	3.019453	1.243376	0.941622	0.933029	0.840490	0.032269	0.080519	0.080496	0.150329	0.147980
45	4.072000	1.970945	4.072000	0.114157	1.278800	1.152499	1.200447	3.209380	1.227013	0.937710	0.928366	0.839098	0.037163	0.086356	0.086335	0.160616	0.151340
46	4.072000	1.984588	4.072000	0.107757	1.303635	1.050416	1.115365	3.264755	1.203843	0.935346	0.925393	0.838227	0.043798	0.092200	0.092180	0.170081	0.153073
47	4.072000	1.998231	4.072000	0.101356	1.330518	0.950683	1.030282	3.320129	1.180652	0.932236	0.921784	0.835972	0.051538	0.098788	0.098769	0.178490	0.154927
48	4.072000	2.011874	4.072000	0.094955	1.359766	0.853414	0.945200	3.375503	1.157656	0.928195	0.917438	0.832167	0.060486	0.106237	0.106219	0.185516	0.156921
49	4.072000	2.025518	4.072000	0.088555	1.391768	0.758737	0.860117	3.430877	1.135105	0.923013	0.912255	0.826884	0.070713	0.114674	0.114658	0.191030	0.159074
50	4.072000	2.039161	4.072000	0.082914	1.422638	0.672739	0.779544	3.436908	1.114411	0.917537	0.907250	0.821334	0.081478	0.123345	0.123330	0.194654	0.161124
51	4.072000	2.052804	4.072000	0.080076	1.439248	0.610425	0.715595	3.261009	1.098618	0.915127	0.905918	0.818461	0.090290	0.129424	0.129410	0.195588	0.162217
52	4.072000	2.066447	4.072000	0.077239	1.456661	0.549229	0.651646	3.085110	1.083529	0.912445	0.904603	0.816903	0.099594	0.135810	0.135797	0.195967	0.163354
53	4.072000	2.080090	4.072000	0.074401	1.474950	0.489189	0.587698	2.909211	1.069283	0.909810	0.903465	0.817691	0.109276	0.142433	0.142426	0.196006	0.164540
54	4.072000	2.093734	4.072000	0.071563	1.494193	0.430345	0.523749	2.733312	1.056019	0.907735	0.902741	0.821612	0.119185	0.149174	0.149241	0.195936	0.165779
55	4.072000	2.107377	4.072000	0.069048	1.512120	0.379974	0.467994	2.554177	1.045364	0.907903	0.903679	0.828181	0.127876	0.154750	0.155095	0.195877	0.166925
56	4.072000	2.121020	4.072000	0.067564	1.523116	0.353394	0.438421	2.364699	1.040089	0.913047	0.908823	0.835170	0.132513	0.156471	0.157109	0.195530	0.167623
57	4.072000	2.134663	4.072000	0.066079	1.534439	0.327124	0.408848	2.175221	1.035091	0.920223	0.915453	0.843967	0.137096	0.157740	0.159126	0.195073	0.168340
58	4.072000	2.148307	4.072000	0.064594	1.546107	0.301173	0.379276	1.985743	1.030383	0.929805	0.923258	0.855190	0.141596	0.158483	0.161828	0.194421	0.169075
59	4.072000	2.161950	4.072000	0.063109	1.558138	0.275546	0.349703	1.796264	1.025977	0.942421	0.932238	0.869903	0.145988	0.158690	0.165537	0.193403	0.169829
60	4.072000	2.175593	4.072000	0.061730	1.569655	0.255462	0.326610	1.629246	1.022753	0.957062	0.941887	0.886882	0.149437	0.158331	0.168927	0.191941	0.170548
61	4.072000	2.189236	4.072000	0.060647	1.578945	0.250098	0.321645	1.525053	1.022086	0.968703	0.949696	0.899637	0.150580	0.157423	0.169937	0.190529	0.171126
62	4.072000	2.202879	4.072000	0.059564	1.588458	0.244762	0.316679	1.420860	1.021427	0.981614	0.958564	0.914787	0.151730	0.156815	0.170463	0.188467	0.171715
63	4.072000	2.216523	4.072000	0.058481	1.598205	0.239454	0.311713	1.316667	1.020777	0.994887	0.968724	0.932374	0.152888	0.156740	0.170178	0.185428	0.172317
64	4.072000	2.230166	4.072000	0.057398	1.608196	0.234176	0.306747	1.212474	1.020137	1.005804	0.980372	0.952122	0.154054	0.157330	0.168767	0.180897	0.172931
65	4.072000	2.243809	4.072000	0.056333	1.618268	0.231348	0.304941	1.125685	1.019907	1.009964	0.991446	0.969720	0.154865	0.158052	0.166418	0.175485	0.173549
66	4.072000	2.257452	4.072000	0.055312	1.628157	0.234462	0.310934	1.081846	1.020676	1.010679	0.997868	0.978670	0.154782	0.158138	0.164478	0.172068	0.174152
67	4.072000	2.271095	4.072000	0.054292	1.638292	0.237503	0.316927	1.038007	1.021460	1.011118	1.004549	0.987760	0.154701	0.158232	0.162284	0.168066	0.174769
68	4.072000	2.284739	4.072000	0.053272	1.648684	0.240468	0.322920	0.994168	1.022256	1.011594	1.010559	0.996953	0.154624	0.158336	0.160198	0.163491	0.175398
69	4.072000	2.298382	4.072000	0.052252	1.659344	0.243357	0.328913	0.950329	1.023066	1.012115	1.010883	1.006223	0.154551	0.158449	0.160278	0.158437	0.176042
70	4.072000	2.312025	4.072000	0.051232	1.670280	0.246842	0.335821	0.915373	1.024016	1.012814	1.011378	1.013595	0.154373	0.158411	0.160191	0.154208	0.176699
71	4.072000	2.325668	4.072000	0.050214	1.681493	0.251703	0.344733	0.899883	1.025267	1.013742	1.012148	1.016691	0.153951	0.158105	0.159806	0.152372	0.177371
72	4.072000	2.339312	4.072000	0.049196	1.693014	0.256453	0.353645	0.884393	1.026547	1.014970	1.013215	1.019792	0.153526	0.157640	0.159248	0.150523	0.178057
73	4.072000	2.352955	4.072000	0.048178	1.704857	0.261089	0.362557	0.868903	1.027854	1.016576	1.014658	1.022902	0.153098	0.156980	0.158483	0.148672	0.178761
74	4.072000	2.366598	4.072000	0.047160	1.717039	0.265610	0.371470	0.853413	1.029190	1.018594	1.016516	1.026020	0.152668	0.156114	0.157501	0.146831	0.179481
75	4.072000	2.380241	4.072000	0.046150	1.729474	0.270036	0.380395	0.842211	1.030556	1.020472	1.018251	1.028199	0.152229	0.155337	0.156607	0.145566	0.180213
76	4.072000	2.393884	4.072000	0.045156	1.742074	0.274391	0.389347	0.839393	1.031953	1.021411	1.019073	1.028520	0.151776	0.155065	0.156226	0.145409	0.180951
77	4.072000	2.407528	4.072000	0.044162	1.755048	0.278625	0.398298	0.836575	1.033378	1.022362	1.019906	1.028837	0.151323	0.154803	0.155852	0.145267	0.181708
78	4.072000	2.421171	4.072000	0.043167	1.768418	0.282733	0.407250	0.833757	1.034829	1.023323	1.020748	1.029152	0.150872	0.154551	0.155490	0.145143	0.182485
79	4.072000	2.434814	4.072000	0.042173	1.782205	0.286712	0.416201	0.830939	1.036307	1.024293	1.021599	1.029467	0.150424	0.154310	0.155142	0.145036	0.183281
80	4.072000	2.448457	4.072000	0.041198	1.796158	0.290512	0.425019	0.830468	1.037789	1.024926	1.022120	1.029262	0.149984	0.154258	0.154989	0.145259	0.184084
81	4.072000	2.462101	4.072000	0.040256	1.810065	0.294103	0.433604	0.834109	1.039256	1.024972	1.022065	1.028145	0.149555	0.154517	0.155158	0.146057	0.184880
82	4.072000	2.475744	4.072000	0.039314	1.824413	0.297567	0.442189	0.837750	1.040746	1.025042	1.022032	1.027028	0.149132	0.154780	0.155337	0.146892	0.185697
83	4.072000	2.489387	4.072000	0.038371	1.839227	0.300901	0.450773	0.841391	1.042259	1.025134	1.022021	1.025913	0.148715	0.155050	0.155527	0.147764	0.186537
84	4.072000	2.503030	4.072000	0.037429	1.854534	0.304100	0.459358	0.845031	1.043796	1.025248	1.022032	1.024803	0.148308	0.155327	0.155731	0.148676	0.187400
85	4.072000	2.516673	4.072000	0.036513	1.869920	0.307225	0.467928	0.850595	1.045352	1.025176	1.021860	1.023266	0.147889	0.155699	0.156038	0.149889	0.188263
86	4.072000	2.530317	4.072000	0.035637	1.885108	0.310316	0.476475	0.859188	1.046926	1.024870	1.021462	1.021054	0.147445	0.156178	0.156460	0.151571	0.189110
87	4.072000	2.543960	4.072000	0.034762	1.900802	0.313274	0.485022	0.867781	1.048522	1.024690	1.021192	1.018851	0.147011	0.156609	0.156841	0.153317	0.189982
88	4.072000	2.557603	4.072000	0.033886	1.917032	0.316096	0.493569	0.876374	1.050140	1.024634	1.021047	1.016658	0.146587	0.156995	0.157183	0.155128	0.190878
89	4.072000	2.571246	4.072000	0.033011	1.933830	0.318776	0.502116	0.884967	1.051779	1.024694	1.021020	1.014478	0.146176	0.157340	0.157491	0.157001	0.191801
90	4.072000	2.584889	4.072000	0.032166	1.950623	0.321441	0.510710	0.895821	1.053448	1.024783	1.021032	1.011802	0.145741	0.157655	0.157775	0.159270	0.192718
91	4.072000	2.598533	4.072000	0.031363	1.967117	0.324152	0.519372	0.909883	1.055150	1.024955	1.021141	1.008419	0.145263	0.157890	0.157985	0.162083	0.193614
92	4.072000	2.612176	4.072000	0.030561	1.984184	0.326723	0.528033	0.923946	1.056874	1.025294	1.021424	1.005055	0.144799	0.158049	0.158123	0.164969	0.194536
93	4.072000	2.625819	4.072000	0.029759	2.001859	0.329150	0.536694	0.938008	1.058618	1.025723	1.021799	1.001713	0.144347	0.158177	0.158233	0.167918	0.195485
94	4.072000	2.639462	4.072000	0.028956	2.020181	0.331429	0.545356	0.952071	1.060382	1.026179	1.022204	0.998396	0.143911	0.158310	0.158352	0.170922	0.196464
95	4.072000	2.653106	4.072000	0.028187	2.038387	0.333653	0.553964	0.968615	1.062155	1.026622	1.022607	0.994548	0.143462	0.158434	0.158464	0.174336	0.197431
96	4.072000	2.666749	4.072000	0.027461	2.056197	0.335862	0.562503	0.988340	1.063932	1.027044	1.023002	0.990020	0.142988	0.158537	0.158560	0.178228	0.198371
97	4.072000	2.680392	4.072000	0.026735	2.074647	0.337928	0.571043	1.008065	1.065728	1.027463	1.022348	0.985528	0.142529	0.158668	0.159058	0.182103	0.199340
98	4.072000	2.694035	4.072000	0.026009	2.093777	0.339848	0.579582	1.027790	1.067542	1.027877	1.020044	0.981075	0.142087	0.158828	0.160156	0.185943	0.200338
99	4.072000	2.707678	4.072000	0.025283	2.113634	0.341616	0.588122	1.047514	1.069374	1.028287	1.017800	0.976666	0.141663	0.159019	0.161231	0.189736	0.201368
100	4.072000	2.721322	4.072000	0.024593	2.133220	0.343261	0.596431	1.069718	1.071174	1.028669	1.015287	0.971760	0.141248	0.159212	0.162359	0.193756	0.202378
101	4.072000	2.734965	4.072000	0.023944	2.152299	0.344806	0.604472	1.094792	1.072931	1.028990	1.012477	0.966287	0.140838	0.159399	0.163530	0.197977	0.203356
102	4.072000	2.748608	4.072000	0.023296	2.172079	0.346211	0.612514	1.119865	1.074703	1.029160	1.009764	0.960890	0.140446	0.159616	0.164650	0.202040	0.204364
103	4.072000	2.762251	4.072000	0.022648	2.192607	0.347473	0.620556	1.144939	1.076489	1.029029	1.007145	0.955579	0.140073	0.159864	0.165725	0.205951	0.205404
104	4.072000	2.775894	4.072000	0.022000	2.213934	0.348585	0.628598	1.170013	1.078290	1.028494	1.004621	0.950367	0.139721	0.160149	0.166759	0.209718	0.206477
105	4.072000	2.789538	4.072000	0.021389	2.234802	0.349556	0.636290	1.197740	1.080026	1.027340	1.001879	0.944712	0.139392	0.160450	0.167797	0.213532	0.207520
106	4.072000	2.803181	4.072000	0.020818	2.255055	0.350406	0.643618	1.228247	1.081691	1.025452	0.998934	0.938630	0.139081	0.160775	0.168818	0.217342	0.208527
107	4.072000	2.816824	4.072000	0.020247	2.276062	0.351124	0.650945	1.258754	1.083368	1.023083	0.996120	0.932731	0.138791	0.161165	0.169774	0.220961	0.209565
108	4.072000	2.830467	4.072000	0.019676	2.297875	0.351705	0.658272	1.289260	1.085056	1.020356	0.993432	0.927030	0.138523	0.161629	0.170673	0.224416	0.210635
109	4.072000	2.844111	4.072000	0.019105	2.320548	0.352146	0.665599	1.319767	1.086754	1.017385	0.990867	0.921543	0.138277	0.162175	0.171523	0.227730	0.211741
110	4.072000	2.857754	4.072000	0.018571	2.342565	0.352497	0.672585	1.353265	1.088384	1.013901	0.988132	0.915746	0.138047	0.162788	0.172328	0.231013	0.212808
111	4.072000	2.871397	4.072000	0.018073	2.363889	0.352778	0.679247	1.389598	1.089947	1.009985	0.985273	0.909742	0.137830	0.163477	0.173069	0.234224	0.213835
112	4.072000	2.885040	4.072000	0.017575	2.386012	0.352935	0.685909	1.425932	1.091518	1.006066	0.982564	0.904072	0.137634	0.164257	0.173752	0.237290	0.214893
113	4.072000	2.898683	4.072000	0.017077	2.408987	0.352964	0.692572	1.462265	1.093098	1.002208	0.979997	0.898738	0.137460	0.165121	0.174390	0.240240	0.215986
114	4.072000	2.912327	4.072000	0.016579	2.432874	0.352861	0.699234	1.498598	1.094685	0.998456	0.977563	0.893742	0.137311	0.166063	0.174997	0.243095	0.217114
115	4.072000	2.925970	4.072000	0.016116	2.455917	0.352759	0.705653	1.538399	1.096223	0.994449	0.974990	0.888611	0.137157	0.167069	0.175534	0.245897	0.218195
116	4.072000	2.939613	4.072000	0.015685	2.478240	0.352657	0.711861	1.581171	1.097717	0.990305	0.972339	0.883490	0.136998	0.168136	0.176004	0.248619	0.219236
117	4.072000	2.953256	4.072000	0.015253	2.501398	0.352439	0.718070	1.623944	1.099217	0.986377	0.969828	0.878788	0.136861	0.169260	0.176461	0.251252	0.220309
118	4.072000	2.966899	4.072000	0.014822	2.525447	0.352102	0.724279	1.666717	1.100725	0.982671	0.967441	0.874483	0.136747	0.170433	0.176926	0.253816	0.221416
119	4.072000	2.980543	4.072000	0.014390	2.550448	0.351639	0.730488	1.709489	1.102238	0.979180	0.965164	0.870549	0.136659	0.171651	0.177416	0.256327	0.222559
120	4.072000	2.994186	4.072000	0.013992	2.574434	0.351232	0.736504	1.756694	1.103711	0.975523	0.962719	0.866564	0.136552	0.172914	0.177875	0.258787	0.223649
121	4.072000	3.007829	4.072000	0.013619	2.597715	0.350857	0.742371	1.807332	1.105153	0.971833	0.960176	0.862681	0.136433	0.174207	0.178333	0.261178	0.224700
122	4.072000	3.021472	4.072000	0.013246	2.621862	0.350373	0.748238	1.857971	1.106600	0.968404	0.957731	0.859198	0.136337	0.175522	0.178866	0.263518	0.225782
123	4.072000	3.035116	4.072000	0.012873	2.646933	0.349775	0.754105	1.908610	1.108053	0.965217	0.955369	0.856075	0.136264	0.176856	0.179487	0.265821	0.226899
124	4.072000	3.048759	4.072000	0.012500	2.672990	0.349060	0.759971	1.959249	1.109511	0.962255	0.953079	0.853277	0.136215	0.178208	0.180210	0.268100	0.228053
125	4.072000	3.062402	4.072000	0.012158	2.697857	0.348364	0.765512	2.015517	1.110893	0.959149	0.950555	0.850449	0.136169	0.179601	0.181010	0.270322	0.229146
126	4.072000	3.076045	4.072000	0.011837	2.722045	0.347664	0.770823	2.075722	1.112221	0.956050	0.947898	0.847735	0.136126	0.181012	0.181916	0.272480	0.230202
127	4.072000	3.089688	4.072000	0.011515	2.747126	0.346864	0.776135	2.135928	1.113554	0.953196	0.945321	0.845340	0.136106	0.182424	0.182951	0.274613	0.231290
128	4.072000	3.103332	4.072000	0.011194	2.773157	0.345960	0.781447	2.196134	1.114891	0.950568	0.942828	0.843225	0.136110	0.183838	0.184104	0.276730	0.232413
129	4.072000	3.116975	4.072000	0.010873	2.800203	0.344947	0.786759	2.256339	1.116231	0.948145	0.940426	0.841356	0.136138	0.185255	0.185359	0.278842	0.233571
130	4.072000	3.130618	4.072000	0.010580	2.825845	0.343840	0.791415	2.322855	1.117410	0.945614	0.937827	0.839465	0.136220	0.186722	0.186734	0.280876	0.234661
131	4.072000	3.144261	4.072000	0.010304	2.850827	0.342654	0.795658	2.393348	1.118486	0.943116	0.935191	0.837664	0.136342	0.188209	0.188185	0.282847	0.235717
132	4.072000	3.157905	4.072000	0.010028	2.876716	0.341381	0.799901	2.463842	1.119565	0.940832	0.932732	0.836088	0.136486	0.189688	0.189658	0.284809	0.236804
133	4.072000	3.171548	4.072000	0.009752	2.903572	0.340018	0.804144	2.534335	1.120646	0.938741	0.930453	0.834706	0.136653	0.191164	0.191133	0.286773	0.237924
134	4.072000	3.185191	4.072000	0.009477	2.931459	0.338560	0.808386	2.604829	1.121729	0.936826	0.928344	0.833493	0.136846	0.192639	0.192609	0.288745	0.239080
135	4.072000	3.198834	4.072000	0.009227	2.957684	0.336884	0.811581	2.681828	1.122546	0.934824	0.926133	0.832241	0.137156	0.194181	0.194151	0.290615	0.240159
136	4.072000	3.212477	4.072000	0.008992	2.983252	0.335067	0.814182	2.762514	1.123212	0.932861	0.923950	0.831042	0.137541	0.195751	0.195722	0.292423	0.241204
137	4.072000	3.226121	4.072000	0.008756	3.009729	0.333181	0.816783	2.843200	1.123879	0.931064	0.921928	0.829988	0.137949	0.197314	0.197286	0.294235	0.242280
138	4.072000	3.239764	4.072000	0.008521	3.037170	0.331222	0.819384	2.923885	1.124547	0.929415	0.920053	0.829060	0.138380	0.198876	0.198847	0.296059	0.243388
139	4.072000	3.253407	4.072000	0.008286	3.065641	0.329187	0.821985	3.004571	1.125215	0.927896	0.918310	0.828243	0.138837	0.200439	0.200411	0.297900	0.244530
140	4.072000	3.267050	4.072000	0.008075	3.092166	0.326855	0.823222	3.091947	1.125534	0.926281	0.916465	0.827358	0.139464	0.202088	0.202061	0.299620	0.245586
141	4.072000	3.280693	4.072000	0.007875	3.118038	0.324357	0.823768	3.182718	1.125674	0.924681	0.914639	0.826492	0.140189	0.203776	0.203749	0.301278	0.246610
142	4.072000	3.294337	4.072000	0.007676	3.144797	0.321810	0.824314	3.273489	1.125815	0.923193	0.912935	0.825717	0.140936	0.205461	0.205435	0.302949	0.247663
143	4.072000	3.307980	4.072000	0.007477	3.172500	0.319212	0.824859	3.364260	1.125955	0.921803	0.911343	0.825023	0.141708	0.207149	0.207123	0.304636	0.248746
144	4.072000	3.321623	4.072000	0.007277	3.201205	0.316558	0.825405	3.455032	1.126096	0.920500	0.909851	0.824398	0.142507	0.208844	0.208818	0.306345	0.249861
145	4.072000	3.335266	4.072000	0.007100	3.227689	0.313576	0.824392	3.552439	1.125835	0.919080	0.908256	0.823686	0.143511	0.210638	0.210613	0.307913	0.250883
146	4.072000	3.348910	4.072000	0.006932	3.253534	0.310436	0.822672	3.652852	1.125392	0.917652	0.906668	0.822970	0.144622	0.212475	0.212451	0.309420	0.251874
147	4.072000	3.362553	4.072000	0.006764	3.280228	0.307266	0.820953	3.753265	1.124950	0.916297	0.905172	0.822310	0.145756	0.214317	0.214294	0.310941	0.252892
148	4.072000	3.376196	4.072000	0.006596	3.307820	0.304065	0.819234	3.853677	1.124508	0.915006	0.903757	0.821701	0.146917	0.216168	0.216145	0.312479	0.253937
149	4.072000	3.389839	4.072000	0.006428	3.336365	0.300831	0.817515	3.954090	1.124067	0.913773	0.902418	0.821135	0.148105	0.218030	0.218007	0.314038	0.255011
150	4.072000	3.403482	4.072000	0.006280	3.362438	0.297247	0.814089	4.060822	1.123188	0.912411	0.900967	0.820464	0.149530	0.220006	0.219984	0.315436	0.255987
151	4.072000	3.417126	4.072000	0.006139	3.387905	0.293522	0.809976	4.170094	1.122135	0.911029	0.899513	0.819774	0.151065	0.222032	0.222011	0.316771	0.256934
152	4.072000	3.430769	4.072000	0.005999	3.414162	0.289786	0.805864	4.279366	1.121084	0.909696	0.898124	0.819119	0.152626	0.224068	0.224048	0.318118	0.257905
153	4.072000	3.444412	4.072000	0.005858	3.441253	0.286038	0.801751	4.388638	1.120036	0.908411	0.896793	0.818494	0.154214	0.226119	0.226099	0.319478	0.258901
154	4.072000	3.458055	4.072000	0.005718	3.469224	0.282276	0.797638	4.497910	1.118989	0.907169	0.895516	0.817896	0.155831	0.228186	0.228167	0.320856	0.259923
155	4.072000	3.471698	4.072000	0.005594	3.494499	0.278110	0.791591	4.612974	1.117454	0.905773	0.894107	0.817172	0.157732	0.230399	0.230380	0.322047	0.260841
156	4.072000	3.485342	4.072000	0.005477	3.519207	0.273808	0.784857	4.730090	1.115751	0.904345	0.892678	0.816417	0.159751	0.232672	0.232654	0.323171	0.261734
157	4.072000	3.498985	4.072000	0.005360	3.544629	0.269512	0.778124	4.847207	1.114054	0.902950	0.891293	0.815686	0.161798	0.234963	0.234945	0.324300	0.262648
158	4.072000	3.512628	4.072000	0.005243	3.570802	0.265221	0.771390	4.964323	1.112363	0.901585	0.889945	0.814976	0.163873	0.237273	0.237256	0.325438	0.263583
159	4.072000	3.526271	4.072000	0.005126	3.597765	0.260936	0.764657	5.081440	1.110679	0.900247	0.888631	0.814286	0.165976	0.239605	0.239589	0.326586	0.264541
160	4.072000	3.539915	4.072000	0.005025	3.621811	0.256149	0.755647	5.202681	1.108436	0.898713	0.887152	0.813449	0.168434	0.242133	0.242117	0.327512	0.265391
161	4.072000	3.553558	4.072000	0.004928	3.645321	0.251225	0.745931	5.325201	1.106031	0.897124	0.885634	0.812585	0.171020	0.244736	0.244721	0.328364	0.266217
162	4.072000	3.567201	4.072000	0.004832	3.669454	0.246322	0.736215	5.447720	1.103640	0.895546	0.884137	0.811747	0.173631	0.247364	0.247349	0.329215	0.267061
163	4.072000	3.580844	4.072000	0.004735	3.694239	0.241441	0.726499	5.570240	1.101265	0.893975	0.882658	0.810937	0.176269	0.250017	0.250002	0.330066	0.267924
164	4.072000	3.594487	4.072000	0.004639	3.719708	0.236581	0.716783	5.692760	1.098906	0.892409	0.881194	0.810158	0.178933	0.252696	0.252683	0.330921	0.268805
165	4.072000	3.608131	4.072000	0.004556	3.742029	0.231135	0.704485	5.815783	1.095942	0.890590	0.879524	0.809252	0.182009	0.255620	0.255607	0.331516	0.269574
166	4.072000	3.621774	4.072000	0.004477	3.763835	0.225558	0.691493	5.938941	1.092841	0.888686	0.877796	0.808359	0.185209	0.258632	0.258619	0.332032	0.270322
167	4.072000	3.635417	4.072000	0.004399	3.786159	0.220015	0.678501	6.062099	1.089771	0.886764	0.876065	0.807530	0.188427	0.261673	0.261661	0.332542	0.271084
168	4.072000	3.649060	4.072000	0.004320	3.809022	0.214507	0.665509	6.185257	1.086734	0.884823	0.874330	0.806773	0.191661	0.264744	0.264733	0.333048	0.271860
169	4.072000	3.662704	4.072000	0.004241	3.832447	0.209034	0.652518	6.308415	1.083729	0.882860	0.872590	0.806095	0.194911	0.267846	0.267836	0.333553	0.272652
170	4.072000	3.676347	4.072000	0.004175	3.852506	0.202958	0.636867	6.427862	1.080157	0.880585	0.870607	0.805419	0.198567	0.271211	0.271202	0.333776	0.273327
171	4.072000	3.689990	4.072000	0.004112	3.872069	0.196777	0.620606	6.546459	1.076500	0.878199	0.868547	0.804866	0.202314	0.274660	0.274655	0.333927	0.273983
172	4.072000	3.703633	4.072000	0.004049	3.892034	0.190638	0.604346	6.665055	1.072903	0.875768	0.866464	0.804474	0.206057	0.278139	0.278141	0.334075	0.274650
173	4.072000	3.717276	4.072000	0.003986	3.912418	0.184542	0.588085	6.783652	1.069366	0.873293	0.864357	0.804255	0.209791	0.281645	0.281661	0.334222	0.275328
174	4.072000	3.730920	4.072000	0.003923	3.933235	0.178490	0.571825	6.902248	1.065894	0.870776	0.862227	0.804217	0.213513	0.285177	0.285219	0.334372	0.276017
175	4.072000	3.744563	4.072000	0.003872	3.950510	0.171893	0.553109	7.013106	1.061978	0.867920	0.859840	0.804420	0.217551	0.288938	0.289038	0.334251	0.276587
176	4.072000	3.758206	4.072000	0.003823	3.967310	0.165227	0.533920	7.122472	1.058057	0.864952	0.857372	0.804885	0.221613	0.292758	0.292966	0.334081	0.277139
177	4.072000	3.771849	4.072000	0.003774	3.984400	0.158605	0.514731	7.231838	1.054235	0.861935	0.854870	0.805599	0.225628	0.296589	0.296984	0.333921	0.277699
178	4.072000	3.785492	4.072000	0.003725	4.001788	0.152029	0.495542	7.341204	1.050516	0.858876	0.852338	0.806542	0.229590	0.300428	0.301116	0.333773	0.278267
179	4.072000	3.799136	4.072000	0.003676	4.019484	0.145499	0.476353	7.450570	1.046904	0.855784	0.849780	0.807686	0.233491	0.304267	0.305385	0.333641	0.278842
180	4.072000	3.812779	4.072000	0.003638	4.033511	0.138522	0.455095	7.547737	1.043030	0.852407	0.846998	0.809150	0.237547	0.308240	0.310012	0.333280	0.279297
181	4.072000	3.826422	4.072000	0.003601	4.047098	0.131509	0.433509	7.642972	1.039239	0.848972	0.844161	0.810773	0.241539	0.312211	0.314841	0.332902	0.279737
182	4.072000	3.840065	4.072000	0.003565	4.060870	0.124537	0.411923	7.738208	1.035598	0.845536	0.841310	0.812463	0.245422	0.316149	0.319796	0.332551	0.280181
183	4.072000	3.853709	4.072000	0.003528	4.074832	0.117607	0.390338	7.833443	1.032110	0.842118	0.838455	0.814149	0.249188	0.320040	0.324791	0.332229	0.280630
184	4.072000	3.867352	4.072000	0.003492	4.088987	0.110718	0.368752	7.928679	1.028780	0.838735	0.835605	0.815774	0.252829	0.323874	0.329716	0.331937	0.281084
185	4.072000	3.880995	4.072000	0.003465	4.099388	0.103487	0.345546	8.006260	1.025383	0.835234	0.832633	0.817412	0.256434	0.327680	0.334541	0.331463	0.281417
186	4.072000	3.894638	4.072000	0.003440	4.109394	0.096242	0.322137	8.081621	1.022151	0.831798	0.829670	0.818913	0.259884	0.331389	0.339001	0.330999	0.281737
187	4.072000	3.908281	4.072000	0.003415	4.119498	0.089029	0.298727	8.156983	1.019123	0.828475	0.826744	0.820252	0.263154	0.334978	0.342978	0.330571	0.282059
188	4.072000	3.921925	4.072000	0.003390	4.129703	0.081850	0.275318	8.232344	1.016301	0.825290	0.823862	0.821432	0.266237	0.338430	0.346423	0.330179	0.282383
189	4.072000	3.935568	4.072000	0.003364	4.140009	0.074704	0.251908	8.307706	1.013692	0.822266	0.821027	0.822467	0.269126	0.341726	0.349343	0.329823	0.282711
190	4.072000	3.949211	4.072000	0.003349	4.146484	0.067318	0.227359	8.359347	1.011189	0.819367	0.818192	0.823417	0.271797	0.344780	0.351669	0.329325	0.282916
191	4.072000	3.962854	4.072000	0.003334	4.152624	0.059928	0.202701	8.408738	1.008919	0.816686	0.815446	0.824236	0.274235	0.347615	0.353543	0.328853	0.283110
192	4.072000	3.976497	4.072000	0.003319	4.158800	0.052560	0.178043	8.458129	1.006899	0.814251	0.812859	0.824931	0.276433	0.350217	0.355068	0.328428	0.283306
193	4.072000	3.990141	4.072000	0.003304	4.165014	0.045213	0.153384	8.507520	1.005131	0.812079	0.810533	0.825512	0.278385	0.352567	0.356324	0.328056	0.283502
194	4.072000	4.003784	4.072000	0.003289	4.171265	0.037888	0.128726	8.556911	1.003621	0.810187	0.808591	0.825988	0.280085	0.354649	0.357377	0.327744	0.283699
195	4.072000	4.017427	4.072000	0.003284	4.173595	0.030465	0.103564	8.576242	1.002347	0.808641	0.807192	0.826383	0.281428	0.356273	0.358074	0.327354	0.283773
196	4.072000	4.031070	4.072000	0.003279	4.175670	0.023042	0.078369	8.593598	1.001346	0.807412	0.806323	0.826685	0.282493	0.357575	0.358620	0.327040	0.283838
197	4.072000	4.044714	4.072000	0.003274	4.177749	0.015626	0.053173	8.610954	1.000620	0.806505	0.805894	0.826897	0.283283	0.358555	0.359040	0.326822	0.283903
198	4.072000	4.058357	4.072000	0.003269	4.179833	0.008218	0.027978	8.628310	1.000172	0.805926	0.805735	0.827024	0.283797	0.359206	0.359341	0.326711	0.283969
199	4.072000	4.072000	4.072000	0.003264	4.181920	0.000817	0.002782	8.645666	1.000002	0.805677	0.805675	0.827068	0.284033	0.359521	0.359522	0.326712	0.284035
